0 0.078125 0.0875 0.040625 0.125
6 0.1828125 0.08984375 0.05 0.134375
17 0.2328125 0.0875 0.0421875 0.125
4 0.2828125 0.0875 0.0375 0.1296875
0 0.3328125 0.08125 0.04375 0.125
19 0.384375 0.0875 0.046875 0.128125
12 0.4859375 0.078125 0.0390625 0.13125
0 0.5359375 0.0875 0.0390625 0.1171875
13 0.5875 0.0875 0.046875 0.125
8 0.6890625 0.08125 0.040625 0.125
18 0.7421875 0.0875 0.046875 0.121875
14 0.8375 0.07265625 0.0421875 0.13125
13 0.8875 0.07578125 0.0421875 0.1375
4 0.9375 0.08125 0.040625 0.134375
22 0.0828125 0.23828125 0.046875 0.125
7 0.13125 0.23515625 0.040625 0.125
14 0.1765625 0.2328125 0.0390625 0.1203125
7 0.28125 0.2328125 0.046875 0.1375
0 0.3359375 0.2296875 0.0390625 0.134375
18 0.384375 0.2296875 0.0421875 0.121875
13 0.4859375 0.2296875 0.0359375 0.128125
14 0.534375 0.2296875 0.0390625 0.121875
19 0.5875 0.23515625 0.0390625 0.125
11 0.6890625 0.22421875 0.04375 0.125
14 0.7390625 0.2265625 0.0390625 0.13125
18 0.7890625 0.2265625 0.04375 0.13125
19 0.8390625 0.22421875 0.04375 0.1203125
7 0.08125 0.38046875 0.04375 0.1375
8 0.13125 0.378125 0.040625 0.128125
18 0.184375 0.38046875 0.04375 0.13125
2 0.28125 0.378125 0.040625 0.1203125
7 0.3328125 0.38046875 0.0515625 0.13125
8 0.3875 0.378125 0.04375 0.125
11 0.4390625 0.38046875 0.04375 0.1328125
3 0.4859375 0.378125 0.040625 0.140625
18 0.5875 0.375 0.0421875 0.1375
7 0.690625 0.378125 0.04375 0.140625
4 0.74375 0.38046875 0.04375 0.1375
0 0.7890625 0.375 0.04375 0.140625
17 0.840625 0.371875 0.040625 0.128125
19 0.8921875 0.36953125 0.04375 0.13125
12 0.13125 0.671875 0.040625 0.134375
4 0.18125 0.67734375 0.0421875 0.134375
13 0.23125 0.67734375 0.0453125 0.1421875
2 0.284375 0.68046875 0.0375 0.1328125
8 0.334375 0.67421875 0.0421875 0.1453125
20 0.384375 0.67421875 0.040625 0.1375
18 0.4359375 0.68046875 0.04375 0.1421875