0 0.07890625 0.0875 0.0421875 0.128125
6 0.18203125 0.08828125 0.0515625 0.1359375
17 0.2328125 0.0875 0.04375 0.128125
4 0.28203125 0.08671875 0.0375 0.13125
0 0.3328125 0.08125 0.0453125 0.1265625
19 0.384375 0.0859375 0.0484375 0.1296875
12 0.48671875 0.07890625 0.040625 0.13125
0 0.5359375 0.08828125 0.040625 0.11875
13 0.58671875 0.0875 0.046875 0.128125
8 0.68828125 0.08125 0.0421875 0.1265625
18 0.7421875 0.0859375 0.0484375 0.125
14 0.83828125 0.0734375 0.0421875 0.13125
13 0.88671875 0.075 0.04375 0.1390625
4 0.93828125 0.08203125 0.0421875 0.134375
22 0.0828125 0.23671875 0.046875 0.1265625
7 0.13046875 0.23515625 0.040625 0.1265625
14 0.1765625 0.23046875 0.040625 0.11875
7 0.28203125 0.2328125 0.046875 0.1375
0 0.3359375 0.228125 0.040625 0.134375
18 0.38359375 0.228125 0.04375 0.125
13 0.4859375 0.228125 0.0375 0.1296875
14 0.534375 0.228125 0.0390625 0.125
19 0.5875 0.234375 0.040625 0.1265625
11 0.68828125 0.225 0.0453125 0.128125
14 0.73828125 0.2265625 0.040625 0.13125
18 0.78984375 0.2265625 0.0453125 0.13125
19 0.8390625 0.22421875 0.0453125 0.121875
7 0.08125 0.38046875 0.0453125 0.1390625
8 0.13125 0.378125 0.0421875 0.1296875
18 0.184375 0.37890625 0.04375 0.13125
2 0.28203125 0.3765625 0.0421875 0.121875
7 0.33359375 0.37890625 0.053125 0.13125
8 0.38671875 0.37734375 0.04375 0.128125
11 0.4390625 0.38046875 0.04375 0.134375
18 0.58828125 0.37421875 0.04375 0.1375
7 0.69140625 0.37578125 0.0453125 0.1390625
4 0.74296875 0.38046875 0.04375 0.1390625
0 0.78984375 0.37265625 0.0453125 0.1390625
17 0.840625 0.3703125 0.0421875 0.128125
19 0.8921875 0.36953125 0.0453125 0.1328125
12 0.13125 0.6703125 0.0421875 0.134375
4 0.18046875 0.67578125 0.04375 0.134375
13 0.23125 0.675 0.046875 0.14375
2 0.28515625 0.67890625 0.0375 0.1359375
8 0.334375 0.67109375 0.04375 0.1453125
20 0.384375 0.671875 0.040625 0.1375
18 0.43515625 0.67734375 0.04375 0.1453125
3 0.48828125 0.37890625 0.04375 0.1296875