0 0.05 0.08828125 0.0359375 0.06875
1 0.1109375 0.08828125 0.0359375 0.0703125
2 0.1703125 0.08828125 0.034375 0.0703125
3 0.228125 0.0859375 0.034375 0.06875
4 0.2890625 0.08828125 0.03125 0.0671875
5 0.346875 0.08828125 0.034375 0.0671875
6 0.4078125 0.08828125 0.034375 0.0703125
7 0.0515625 0.18828125 0.03125 0.0609375
8 0.109375 0.190625 0.03125 0.0625
9 0.16875 0.18828125 0.0328125 0.0671875
10 0.228125 0.190625 0.0328125 0.0671875
11 0.2890625 0.190625 0.034375 0.0625
12 0.346875 0.190625 0.0328125 0.0625
13 0.40625 0.190625 0.034375 0.06875
14 0.05 0.28984375 0.03125 0.059375
15 0.1109375 0.2921875 0.028125 0.0671875
16 0.16875 0.28984375 0.03125 0.0671875
17 0.228125 0.28984375 0.03125 0.0640625
18 0.2890625 0.28984375 0.03125 0.0640625
19 0.3484375 0.28984375 0.028125 0.0640625
20 0.4078125 0.2921875 0.0328125 0.0640625
21 0.05 0.39140625 0.03125 0.0640625
22 0.109375 0.3890625 0.03125 0.0640625
23 0.16875 0.3890625 0.0296875 0.0671875
24 0.2296875 0.39140625 0.0296875 0.0703125
25 0.2890625 0.3890625 0.03125 0.06875