19 0.6859375 0.403125 0.05625 0.1453125
13 0.7484375 0.39375 0.05625 0.1390625
11 0.871875 0.396875 0.05625 0.1390625
20 0.753125 0.5890625 0.0515625 0.1265625
0 0.69375 0.5859375 0.0515625 0.121875
17 0.8 0.2140625 0.0625 0.15
9 0.621875 0.4046875 0.0515625 0.1390625
6 0.809375 0.39375 0.0546875 0.134375
4 0.8140625 0.58125 0.046875 0.1359375
7 0.63125 0.6 0.05 0.1390625
12 0.9359375 0.5640625 0.046875 0.1265625
14 0.696875 0.7796875 0.05 0.1265625
2 0.6375 0.7765625 0.046875 0.13125
19 0.759375 0.7703125 0.05625 0.1359375
16 0.81875 0.7671875 0.05 0.1390625
17 0.878125 0.7578125 0.046875 0.15
4 0.9375 0.753125 0.046875 0.140625
17 0.9421875 0.928125 0.05 0.13125
3 0.884375 0.928125 0.0546875 0.1390625
16 0.8265625 0.9359375 0.0515625 0.1265625
8 0.76875 0.934375 0.0546875 0.13125