21 0.20625 0.1359375 0.1078125 0.1984375
4 0.3375 0.134375 0.1140625 0.20625
4 0.571875 0.1171875 0.1140625 0.20625
4 0.815625 0.1125 0.1125 0.196875
7 0.06875 0.41875 0.103125 0.196875
14 0.20625 0.415625 0.1125 0.20625
19 0.334375 0.409375 0.1125 0.2015625
17 0.4625 0.403125 0.1125 0.20625
4 0.5875 0.4 0.1046875 0.2109375
1 0.075 0.71875 0.1140625 0.2125
0 0.20625 0.7125 0.109375 0.21875
2 0.3359375 0.6984375 0.109375 0.225
10 0.4671875 0.6984375 0.1046875 0.2203125
13 0.9296875 0.1078125 0.09375 0.19375