21 0.171875 0.1296875 0.1078125 0.1984375
4 0.30625 0.1296875 0.1140625 0.20625
4 0.5390625 0.11875 0.1140625 0.20625
4 0.784375 0.1125 0.1125 0.196875
7 0.0515625 0.4203125 0.103125 0.196875
14 0.175 0.415625 0.1125 0.20625
19 0.309375 0.4140625 0.1125 0.2015625
17 0.4390625 0.403125 0.1125 0.20625
4 0.565625 0.4 0.1046875 0.2109375
1 0.0578125 0.7265625 0.1140625 0.2125
0 0.1890625 0.7265625 0.109375 0.21875
2 0.3140625 0.7078125 0.109375 0.228125
10 0.440625 0.6984375 0.1046875 0.2203125
13 0.896875 0.1078125 0.09375 0.19375