19 0.7125 0.384375 0.05625 0.1453125
13 0.775 0.375 0.05625 0.1390625
20 0.7796875 0.5828125 0.0515625 0.1390625
0 0.7125 0.5734375 0.0546875 0.1359375
17 0.840625 0.1796875 0.0625 0.15
9 0.6484375 0.39375 0.0515625 0.1390625
6 0.840625 0.3671875 0.0546875 0.1359375
4 0.8421875 0.5703125 0.046875 0.1359375
7 0.6484375 0.5890625 0.0515625 0.1390625
14 0.7171875 0.778125 0.0546875 0.13125
2 0.653125 0.775 0.046875 0.13125
19 0.784375 0.7765625 0.05625 0.1359375
16 0.8453125 0.76875 0.05 0.1390625
17 0.9078125 0.7609375 0.046875 0.15
4 0.96875 0.7578125 0.046875 0.140625
3 0.9109375 0.9390625 0.046875 0.121875
17 0.971875 0.925 0.046875 0.15