19 0.696875 0.384375 0.05625 0.1453125
13 0.7625 0.38125 0.05625 0.1390625
20 0.76875 0.5828125 0.0515625 0.1390625
0 0.7015625 0.5765625 0.0546875 0.1359375
17 0.8265625 0.1796875 0.059375 0.15
9 0.634375 0.3890625 0.0515625 0.1390625
6 0.828125 0.371875 0.0515625 0.1390625
4 0.8296875 0.5703125 0.046875 0.1359375
7 0.6328125 0.5890625 0.0515625 0.1390625
14 0.70625 0.778125 0.0546875 0.13125
2 0.6375 0.771875 0.046875 0.13125
19 0.7703125 0.7734375 0.05625 0.1359375
16 0.83125 0.76875 0.05 0.1390625
17 0.896875 0.7609375 0.046875 0.15
4 0.95625 0.7578125 0.046875 0.140625