11 0.26875 0.5515625 0.109375 0.13125
19 0.3609375 0.5203125 0.1125 0.13125
4 0.4453125 0.5 0.090625 0.153125
25 0.5421875 0.478125 0.08125 0.1390625
1 0.1703125 0.590625 0.1078125 0.165625
3 0.29375 0.746875 0.0875 0.1578125
14 0.3875 0.7203125 0.0875 0.153125
21 0.48125 0.684375 0.0828125 0.171875
13 0.565625 0.6546875 0.08125 0.1578125
18 0.6765625 0.8140625 0.0828125 0.1625
7 0.7578125 0.7890625 0.078125 0.15625
16 0.5078125 0.8875 0.08125 0.153125
4 0.421875 0.9140625 0.090625 0.15625
12 0.1265625 0.79375 0.078125 0.14375
18 0.3328125 0.9296875 0.078125 0.140625
12 0.2921875 0.1421875 0.0734375 0.1484375
0 0.3828125 0.121875 0.0765625 0.153125
3 0.471875 0.0953125 0.0828125 0.1609375