11 0.2375 0.565625 0.1046875 0.14375
19 0.3359375 0.528125 0.1125 0.13125
4 0.4296875 0.5 0.090625 0.153125
25 0.51875 0.478125 0.08125 0.1390625
1 0.153125 0.5953125 0.1078125 0.165625
3 0.26875 0.7546875 0.0875 0.1578125
14 0.3625 0.7375 0.0875 0.153125
21 0.465625 0.6875 0.0828125 0.171875
13 0.54375 0.6578125 0.08125 0.1578125
18 0.665625 0.8203125 0.0828125 0.1625
7 0.7421875 0.8015625 0.078125 0.15625
16 0.49375 0.896875 0.08125 0.153125
4 0.409375 0.921875 0.090625 0.15625
12 0.1140625 0.8046875 0.078125 0.140625
18 0.3203125 0.9296875 0.078125 0.140625
12 0.2921875 0.1421875 0.0734375 0.1484375
0 0.3828125 0.121875 0.0765625 0.153125
3 0.471875 0.0953125 0.0828125 0.1609375
18 0.70625 0.6015625 0.0859375 0.140625