11 0.128125 0.621875 0.090625 0.14375
19 0.221875 0.59375 0.103125 0.15
4 0.315625 0.5671875 0.090625 0.153125
25 0.4265625 0.5359375 0.08125 0.1390625
1 0.04375 0.6515625 0.078125 0.1484375
3 0.16875 0.821875 0.0875 0.1578125
14 0.2609375 0.7984375 0.0859375 0.153125
21 0.3609375 0.7578125 0.0828125 0.171875
13 0.45 0.7265625 0.0828125 0.1671875
18 0.565625 0.8828125 0.0859375 0.1625
7 0.6546875 0.859375 0.078125 0.15625
12 0.159375 0.19375 0.0734375 0.1484375
0 0.2515625 0.1703125 0.0765625 0.153125
3 0.3484375 0.140625 0.0828125 0.1609375
18 0.615625 0.659375 0.0859375 0.140625
15 0.7015625 0.075 0.0734375 0.1390625
19 0.6171875 0.084375 0.0859375 0.1359375
4 0.4390625 0.1234375 0.08125 0.15625
16 0.734375 0.825 0.0734375 0.134375
7 0.7015625 0.64375 0.078125 0.140625