19 0.16875 0.6265625 0.103125 0.1484375
4 0.26875 0.6 0.090625 0.1625
25 0.3828125 0.578125 0.08125 0.1390625
3 0.13125 0.8515625 0.0875 0.1578125
14 0.21875 0.8234375 0.0875 0.153125
21 0.334375 0.7796875 0.09375 0.1625
13 0.415625 0.7453125 0.0828125 0.1671875
18 0.5390625 0.896875 0.0859375 0.1625
7 0.621875 0.875 0.08125 0.15625
12 0.1 0.2234375 0.0734375 0.1484375
0 0.19375 0.19375 0.0765625 0.153125
3 0.2921875 0.159375 0.08125 0.1578125
18 0.5859375 0.6765625 0.0859375 0.14375
19 0.559375 0.090625 0.0859375 0.1359375
4 0.3875 0.1375 0.08125 0.15625
16 0.7015625 0.8359375 0.08125 0.1359375
7 0.6640625 0.6609375 0.078125 0.1484375
5 0.63125 0.4515625 0.0734375 0.15