19 0.153125 0.6296875 0.103125 0.15
4 0.2484375 0.6125 0.090625 0.1625
25 0.3640625 0.565625 0.08125 0.1390625
3 0.121875 0.85625 0.0875 0.1578125
14 0.215625 0.83125 0.0859375 0.153125
21 0.315625 0.79375 0.09375 0.165625
13 0.4 0.7578125 0.0828125 0.1671875
18 0.525 0.89375 0.0859375 0.1625
7 0.60625 0.871875 0.08125 0.15625
12 0.1 0.23125 0.0734375 0.1484375
0 0.1875 0.2046875 0.0765625 0.153125
3 0.2796875 0.1734375 0.0828125 0.1609375
18 0.56875 0.671875 0.0859375 0.14375
19 0.559375 0.090625 0.0859375 0.1359375
4 0.375 0.153125 0.08125 0.15625
16 0.6859375 0.83125 0.08125 0.1359375
7 0.65 0.659375 0.078125 0.1484375
5 0.6171875 0.471875 0.0734375 0.15