19 0.0859375 0.6375 0.1 0.15
4 0.175 0.6203125 0.090625 0.1625
25 0.2828125 0.584375 0.08125 0.1390625
14 0.1421875 0.83125 0.0859375 0.153125
21 0.2390625 0.8046875 0.09375 0.165625
13 0.328125 0.7703125 0.0828125 0.1671875
18 0.4578125 0.9109375 0.0859375 0.1625
7 0.540625 0.8828125 0.08125 0.15625
12 0.0375 0.23125 0.0734375 0.1484375
0 0.121875 0.2015625 0.0765625 0.15625
3 0.2109375 0.1703125 0.0828125 0.1609375
18 0.5078125 0.69375 0.0859375 0.14375
19 0.490625 0.1015625 0.0859375 0.1359375
4 0.3109375 0.1453125 0.08125 0.15625
16 0.6265625 0.8515625 0.08125 0.1359375
7 0.59375 0.6640625 0.078125 0.1484375
5 0.5625 0.471875 0.0734375 0.15
11 0.6453125 0.4515625 0.0828125 0.153125
4 0.7 0.8125 0.078125 0.134375
4 0.6734375 0.6390625 0.0828125 0.15
4 0.7765625 0.7828125 0.0765625 0.140625
15 0.5828125 0.0859375 0.0828125 0.153125