4 0.1 0.65 0.0953125 0.1484375
25 0.2 0.63125 0.08125 0.1390625
14 0.090625 0.8671875 0.0765625 0.15625
7 0.4765625 0.928125 0.0734375 0.14375
3 0.121875 0.196875 0.0828125 0.1609375
18 0.4359375 0.7375 0.0859375 0.15
19 0.4078125 0.1015625 0.0875 0.153125
4 0.2140625 0.171875 0.08125 0.15625
16 0.5609375 0.884375 0.08125 0.1359375
7 0.5265625 0.7015625 0.078125 0.1484375
5 0.48125 0.50625 0.0734375 0.1484375
11 0.5703125 0.48125 0.0828125 0.153125
4 0.6421875 0.8515625 0.078125 0.134375
4 0.6140625 0.6765625 0.0859375 0.15
4 0.725 0.815625 0.0734375 0.140625
15 0.496875 0.084375 0.0828125 0.153125
21 0.175 0.840625 0.0859375 0.153125
13 0.25 0.8109375 0.0875 0.15