18 0.296875 0.784375 0.0859375 0.15
19 0.28125 0.1328125 0.0875 0.153125
4 0.1 0.2125 0.08125 0.15625
16 0.4296875 0.9265625 0.08125 0.1359375
7 0.390625 0.7515625 0.078125 0.1484375
4 0.515625 0.8984375 0.078125 0.134375
4 0.4859375 0.70625 0.0859375 0.15
4 0.6015625 0.86875 0.0734375 0.140625
15 0.378125 0.10625 0.0828125 0.153125
11 0.646875 0.646875 0.0828125 0.14375
13 0.1234375 0.8296875 0.08125 0.1484375
5 0.3421875 0.5390625 0.078125 0.153125
11 0.4484375 0.51875 0.090625 0.1359375
19 0.534375 0.49375 0.0859375 0.134375
14 0.7328125 0.63125 0.0828125 0.1484375
17 0.6234375 0.4515625 0.08125 0.165625