18 0.290625 0.7890625 0.0859375 0.15
19 0.2671875 0.1390625 0.0875 0.153125
4 0.08125 0.221875 0.08125 0.15625
16 0.4296875 0.93125 0.08125 0.1359375
7 0.3828125 0.7578125 0.078125 0.1484375
4 0.515625 0.9125 0.078125 0.13125
4 0.4734375 0.7234375 0.0859375 0.15
4 0.6015625 0.8828125 0.0734375 0.140625
15 0.35625 0.1171875 0.0828125 0.153125
11 0.65 0.646875 0.0828125 0.14375
13 0.1234375 0.8296875 0.08125 0.1484375
5 0.33125 0.55625 0.078125 0.153125
11 0.44375 0.5296875 0.09375 0.1359375
19 0.528125 0.49375 0.0859375 0.134375
14 0.7328125 0.63125 0.0828125 0.1484375
17 0.60625 0.4609375 0.08125 0.1671875
3 0.7625 0.8125 0.078125 0.1578125