18 0.1859375 0.834375 0.0859375 0.15
19 0.153125 0.1859375 0.0859375 0.153125
7 0.2765625 0.815625 0.08125 0.1453125
4 0.3734375 0.7734375 0.0859375 0.15
4 0.50625 0.925 0.0765625 0.140625
15 0.24375 0.1484375 0.0828125 0.153125
11 0.5640625 0.6890625 0.0859375 0.14375
5 0.2078125 0.6046875 0.078125 0.153125
11 0.325 0.5734375 0.09375 0.1359375
19 0.428125 0.53125 0.0859375 0.134375
14 0.6421875 0.6625 0.08125 0.1484375
17 0.51875 0.5015625 0.08125 0.1671875
3 0.6703125 0.840625 0.078125 0.1578125
18 0.775 0.934375 0.0734375 0.13125
23 0.8296875 0.7578125 0.0671875 0.140625