18 0.16875 0.8421875 0.0859375 0.15
19 0.13125 0.2078125 0.0859375 0.153125
7 0.253125 0.8328125 0.08125 0.1453125
4 0.346875 0.7890625 0.0859375 0.15
4 0.48125 0.934375 0.071875 0.13125
15 0.2265625 0.175 0.0828125 0.153125
11 0.5328125 0.70625 0.0859375 0.14375
5 0.1953125 0.6171875 0.078125 0.153125
11 0.30625 0.5875 0.09375 0.1359375
19 0.403125 0.5515625 0.0875 0.134375
14 0.615625 0.6828125 0.08125 0.15
17 0.4890625 0.5078125 0.08125 0.1671875
3 0.6484375 0.8625 0.078125 0.1578125
23 0.8046875 0.784375 0.0671875 0.140625
14 0.7015625 0.6484375 0.0875 0.14375