18 0.15 0.8546875 0.0859375 0.15
19 0.121875 0.2078125 0.0875 0.153125
7 0.2375 0.840625 0.0828125 0.1453125
4 0.3328125 0.7921875 0.0859375 0.15
4 0.465625 0.94375 0.0671875 0.1125
15 0.215625 0.1796875 0.0828125 0.153125
11 0.5234375 0.715625 0.0859375 0.14375
5 0.1765625 0.628125 0.0765625 0.153125
11 0.2859375 0.590625 0.090625 0.1359375
19 0.3921875 0.559375 0.090625 0.1453125
14 0.6046875 0.690625 0.0828125 0.15
17 0.48125 0.5203125 0.08125 0.1671875
3 0.6359375 0.8625 0.078125 0.1578125
23 0.8 0.784375 0.0671875 0.140625
14 0.684375 0.65625 0.0875 0.14375
0 0.715625 0.840625 0.0734375 0.134375