19 0.675 0.390625 0.05625 0.1453125
13 0.7375 0.390625 0.0515625 0.153125
20 0.7421875 0.58125 0.05 0.15
0 0.675 0.58125 0.0546875 0.1359375
17 0.8 0.184375 0.0625 0.1484375
9 0.609375 0.39375 0.0515625 0.1390625
6 0.8046875 0.371875 0.0515625 0.1453125
4 0.8046875 0.5734375 0.0515625 0.140625
7 0.6125 0.5890625 0.05 0.1390625
14 0.6796875 0.7765625 0.05625 0.140625
2 0.6171875 0.771875 0.046875 0.13125
19 0.746875 0.7734375 0.05625 0.1359375
16 0.8078125 0.76875 0.05 0.1390625
17 0.871875 0.7609375 0.046875 0.15
4 0.9328125 0.753125 0.046875 0.140625
11 0.8671875 0.378125 0.05625 0.15