19 0.659375 0.4015625 0.05625 0.1453125
13 0.728125 0.39375 0.0515625 0.153125
20 0.7296875 0.590625 0.05625 0.15
0 0.66875 0.590625 0.0546875 0.1359375
17 0.7875 0.196875 0.0625 0.15
9 0.5953125 0.409375 0.0515625 0.1390625
6 0.790625 0.3875 0.0515625 0.1453125
4 0.796875 0.590625 0.0515625 0.15
7 0.603125 0.6 0.0515625 0.1390625
14 0.6734375 0.790625 0.05625 0.140625
2 0.6046875 0.7859375 0.046875 0.134375
19 0.7359375 0.784375 0.05625 0.1359375
16 0.8 0.778125 0.05 0.1390625
17 0.8609375 0.771875 0.046875 0.15
4 0.921875 0.765625 0.046875 0.140625
11 0.8546875 0.3828125 0.05625 0.1484375