11 0.1046875 0.2046875 0.09375 0.1625
19 0.19375 0.1671875 0.1 0.171875
4 0.2875 0.153125 0.09375 0.1984375
25 0.3890625 0.13125 0.0875 0.203125
5 0.6703125 0.0890625 0.08125 0.1609375
11 0.7578125 0.0859375 0.071875 0.1609375
19 0.828125 0.0765625 0.0734375 0.15
17 0.8953125 0.0828125 0.0515625 0.13125
3 0.1078125 0.3984375 0.078125 0.1453125
14 0.2 0.3984375 0.078125 0.175
21 0.315625 0.36875 0.09375 0.1796875
13 0.409375 0.3609375 0.08125 0.19375
18 0.5953125 0.3265625 0.0765625 0.1796875
7 0.6890625 0.315625 0.0875 0.1875
4 0.778125 0.3109375 0.0859375 0.1875
5 0.040625 0.646875 0.08125 0.1625
18 0.128125 0.6328125 0.08125 0.196875
4 0.215625 0.621875 0.0828125 0.184375
16 0.328125 0.596875 0.09375 0.18125
18 0.5234375 0.5453125 0.0734375 0.171875
7 0.6078125 0.534375 0.08125 0.184375
18 0.14375 0.859375 0.08125 0.1796875
14 0.2328125 0.8375 0.0859375 0.184375
11 0.340625 0.8234375 0.09375 0.1796875
3 0.44375 0.79375 0.09375 0.184375