11 0.065625 0.20625 0.0953125 0.1625
19 0.15 0.18125 0.1 0.171875
4 0.228125 0.1734375 0.09375 0.1984375
25 0.3359375 0.1328125 0.0875 0.203125
5 0.621875 0.0953125 0.08125 0.1609375
11 0.7125 0.090625 0.06875 0.1609375
19 0.79375 0.084375 0.0734375 0.15
17 0.8625 0.090625 0.0515625 0.13125
3 0.059375 0.409375 0.0734375 0.15625
14 0.1453125 0.4 0.0765625 0.175
21 0.2625 0.378125 0.09375 0.1796875
13 0.3546875 0.3734375 0.08125 0.19375
18 0.5453125 0.3328125 0.078125 0.18125
7 0.6375 0.325 0.0875 0.1875
4 0.73125 0.31875 0.0859375 0.1875
18 0.08125 0.6453125 0.08125 0.196875
4 0.175 0.634375 0.0828125 0.184375
16 0.284375 0.6046875 0.09375 0.18125
18 0.48125 0.5546875 0.0734375 0.171875
7 0.565625 0.5453125 0.08125 0.184375
18 0.103125 0.8671875 0.0828125 0.1796875
14 0.190625 0.8546875 0.0859375 0.184375
11 0.2953125 0.834375 0.09375 0.1796875
3 0.3984375 0.803125 0.090625 0.184375
16 0.6625 0.5265625 0.09375 0.1671875
4 0.690625 0.740625 0.0859375 0.1765625