11 0.0515625 0.2265625 0.0953125 0.1625
19 0.128125 0.20625 0.1 0.171875
4 0.2109375 0.178125 0.09375 0.1984375
25 0.3109375 0.1578125 0.0875 0.203125
5 0.596875 0.096875 0.08125 0.1609375
11 0.690625 0.096875 0.06875 0.1609375
19 0.7796875 0.084375 0.0734375 0.15
17 0.853125 0.0875 0.059375 0.153125
3 0.040625 0.4265625 0.0734375 0.1578125
14 0.13125 0.4171875 0.078125 0.175
21 0.23125 0.3921875 0.09375 0.1796875
13 0.334375 0.3875 0.08125 0.19375
18 0.5265625 0.346875 0.078125 0.18125
7 0.6140625 0.340625 0.0875 0.1875
4 0.715625 0.3203125 0.0859375 0.184375
18 0.0640625 0.6640625 0.08125 0.196875
4 0.146875 0.6375 0.0859375 0.184375
16 0.2453125 0.628125 0.09375 0.18125
18 0.45625 0.5625 0.0734375 0.171875
7 0.54375 0.5546875 0.08125 0.184375
18 0.090625 0.8703125 0.0828125 0.1796875
14 0.175 0.8578125 0.0859375 0.184375
11 0.275 0.8515625 0.09375 0.1796875
3 0.3703125 0.81875 0.090625 0.184375
16 0.6359375 0.5375 0.090625 0.1671875
4 0.659375 0.7515625 0.0859375 0.1765625