19 0.084375 0.2171875 0.1 0.171875
4 0.16875 0.196875 0.090625 0.196875
25 0.2609375 0.165625 0.0875 0.203125
5 0.559375 0.1046875 0.0859375 0.1765625
11 0.653125 0.1 0.0859375 0.1625
19 0.740625 0.09375 0.0734375 0.15
17 0.815625 0.0875 0.059375 0.153125
14 0.0828125 0.43125 0.078125 0.175
21 0.184375 0.409375 0.09375 0.1796875
13 0.2875 0.3921875 0.08125 0.19375
18 0.4828125 0.3609375 0.0765625 0.18125
7 0.575 0.3421875 0.0875 0.1875
4 0.66875 0.325 0.0859375 0.1875
18 0.040625 0.66875 0.08125 0.196875
4 0.1125 0.65625 0.0859375 0.184375
16 0.20625 0.640625 0.09375 0.18125
18 0.409375 0.5828125 0.0734375 0.171875
7 0.4984375 0.56875 0.08125 0.184375
18 0.0640625 0.8765625 0.08125 0.1796875
14 0.140625 0.871875 0.0859375 0.184375
11 0.23125 0.8640625 0.09375 0.1796875
3 0.3265625 0.840625 0.09375 0.184375
16 0.5953125 0.5484375 0.090625 0.1671875
4 0.6171875 0.7640625 0.0859375 0.1765625
11 0.7203125 0.746875 0.09375 0.1703125