4 0.075 0.215625 0.0828125 0.1625
25 0.171875 0.1984375 0.0875 0.203125
5 0.4609375 0.1328125 0.0859375 0.1765625
11 0.5578125 0.1171875 0.0859375 0.1625
19 0.653125 0.103125 0.0859375 0.153125
17 0.7453125 0.1015625 0.08125 0.1671875
14 0.0390625 0.45 0.0765625 0.175
21 0.103125 0.4359375 0.09375 0.1796875
13 0.19375 0.415625 0.090625 0.1875
18 0.396875 0.38125 0.078125 0.1796875
7 0.4875 0.375 0.0875 0.184375
4 0.58125 0.3609375 0.0859375 0.1875
4 0.040625 0.66875 0.071875 0.1625
16 0.128125 0.659375 0.09375 0.18125
18 0.3203125 0.6078125 0.090625 0.1765625
7 0.415625 0.6015625 0.08125 0.1875
14 0.0703125 0.8703125 0.0859375 0.184375
11 0.153125 0.8625 0.08125 0.1625
3 0.2421875 0.8625 0.09375 0.184375
16 0.5125 0.571875 0.09375 0.1671875
4 0.5359375 0.790625 0.0859375 0.1765625
11 0.6375 0.76875 0.09375 0.1703125
7 0.8234375 0.0921875 0.0734375 0.15625
12 0.7296875 0.746875 0.0875 0.1765625
4 0.6015625 0.559375 0.0765625 0.171875
11 0.7640625 0.296875 0.09375 0.1609375