4 0.0421875 0.246875 0.0828125 0.1625
25 0.125 0.2234375 0.0875 0.203125
5 0.3984375 0.15 0.0859375 0.1765625
11 0.4984375 0.1390625 0.0859375 0.1625
19 0.596875 0.1171875 0.09375 0.175
17 0.6875 0.10625 0.0875 0.1703125
21 0.059375 0.446875 0.078125 0.1875
13 0.1421875 0.44375 0.090625 0.1875
18 0.340625 0.3921875 0.0828125 0.175
7 0.4359375 0.38125 0.0875 0.1875
4 0.5234375 0.371875 0.0859375 0.184375
16 0.0859375 0.6703125 0.09375 0.18125
18 0.26875 0.6375 0.090625 0.1765625
7 0.3625 0.625 0.0859375 0.1875
14 0.0453125 0.8703125 0.0859375 0.184375
11 0.1125 0.8734375 0.08125 0.1625
3 0.1953125 0.875 0.09375 0.184375
16 0.459375 0.5953125 0.09375 0.1671875
4 0.4828125 0.8046875 0.0859375 0.1765625
11 0.584375 0.784375 0.09375 0.1703125
7 0.7796875 0.1015625 0.090625 0.1625
12 0.6796875 0.7625 0.0875 0.1765625
4 0.5484375 0.5703125 0.0765625 0.171875
11 0.7140625 0.3140625 0.09375 0.1609375
4 0.6375 0.553125 0.08125 0.171875