25 0.0671875 0.246875 0.0875 0.203125
5 0.321875 0.18125 0.0859375 0.1796875
11 0.4296875 0.159375 0.0875 0.171875
19 0.525 0.140625 0.090625 0.175
17 0.621875 0.121875 0.090625 0.1703125
13 0.0765625 0.475 0.090625 0.1875
18 0.2625 0.4265625 0.0828125 0.175
7 0.35625 0.4125 0.0875 0.1875
4 0.4578125 0.4015625 0.0859375 0.184375
16 0.0359375 0.6890625 0.071875 0.1671875
18 0.190625 0.66875 0.0953125 0.1890625
7 0.284375 0.65 0.0875 0.1921875
16 0.3890625 0.615625 0.09375 0.1671875
4 0.425 0.83125 0.0859375 0.1765625
11 0.528125 0.809375 0.09375 0.1703125
7 0.7109375 0.115625 0.090625 0.1625
12 0.615625 0.778125 0.0875 0.1765625
4 0.48125 0.6015625 0.0765625 0.171875
11 0.6375 0.3359375 0.0734375 0.1484375
4 0.575 0.571875 0.08125 0.171875
14 0.715625 0.75625 0.0984375 0.1625
14 0.73125 0.3203125 0.0875 0.1671875