5 0.24375 0.184375 0.0875 0.1796875
11 0.35 0.1734375 0.0875 0.171875
19 0.45 0.1546875 0.09375 0.175
17 0.54375 0.1296875 0.090625 0.1703125
18 0.184375 0.434375 0.0828125 0.175
7 0.278125 0.4234375 0.0875 0.1875
4 0.3828125 0.4015625 0.0828125 0.184375
18 0.103125 0.6765625 0.0953125 0.1890625
7 0.2015625 0.6671875 0.0859375 0.1921875
16 0.30625 0.63125 0.09375 0.1671875
4 0.33125 0.85625 0.0828125 0.1703125
11 0.4359375 0.834375 0.09375 0.1671875
7 0.6359375 0.11875 0.090625 0.1625
12 0.534375 0.796875 0.0875 0.1765625
4 0.409375 0.6015625 0.0828125 0.1609375
11 0.565625 0.35 0.0734375 0.1484375
4 0.503125 0.5703125 0.08125 0.1703125
14 0.634375 0.76875 0.0984375 0.165625
14 0.659375 0.325 0.0875 0.1671875
18 0.8046875 0.0890625 0.0734375 0.1625
14 0.7578125 0.309375 0.0875 0.1671875