18 0.14375 0.4484375 0.0828125 0.175
18 0.075 0.68125 0.0953125 0.1890625
7 0.165625 0.678125 0.0875 0.1921875
16 0.2625 0.6546875 0.09375 0.1671875
4 0.2859375 0.871875 0.0828125 0.1703125
11 0.3875 0.85625 0.09375 0.1703125
12 0.49375 0.8140625 0.0875 0.1765625
4 0.3640625 0.6125 0.0828125 0.1609375
11 0.5390625 0.3609375 0.0734375 0.15
4 0.465625 0.5859375 0.08125 0.1703125
14 0.5921875 0.7890625 0.0984375 0.165625
14 0.625 0.3390625 0.0875 0.1671875
18 0.784375 0.096875 0.0734375 0.1625
14 0.721875 0.3203125 0.0875 0.1671875