5 0.159375 0.215625 0.0859375 0.1796875
11 0.253125 0.1953125 0.0875 0.175
19 0.3515625 0.1703125 0.090625 0.175
17 0.4546875 0.1515625 0.090625 0.1703125
18 0.0921875 0.453125 0.0859375 0.175
7 0.18125 0.44375 0.0875 0.1875
4 0.284375 0.4140625 0.0859375 0.184375
18 0.0390625 0.68125 0.0765625 0.1796875
7 0.1171875 0.6796875 0.0875 0.1921875
16 0.2046875 0.6578125 0.09375 0.1671875
4 0.228125 0.871875 0.090625 0.1671875
11 0.33125 0.8578125 0.09375 0.1671875
7 0.55 0.1375 0.09375 0.171875
12 0.4359375 0.8296875 0.0953125 0.19375
4 0.309375 0.621875 0.0828125 0.1609375
11 0.478125 0.36875 0.08125 0.15625
4 0.4125 0.5953125 0.08125 0.1703125
14 0.54375 0.809375 0.1046875 0.1796875
14 0.571875 0.35 0.0875 0.1671875
18 0.7296875 0.096875 0.0765625 0.1625
14 0.6640625 0.33125 0.0875 0.1671875
3 0.5921875 0.5453125 0.0953125 0.1765625
18 0.7328125 0.740625 0.0828125 0.19375