5 0.05 0.26875 0.0875 0.1796875
11 0.14375 0.23125 0.0875 0.175
19 0.23125 0.2109375 0.09375 0.175
17 0.3328125 0.184375 0.0875 0.1703125
7 0.0734375 0.4875 0.0875 0.1875
4 0.1640625 0.45625 0.090625 0.18125
16 0.1078125 0.696875 0.09375 0.1671875
4 0.121875 0.8984375 0.078125 0.153125
11 0.2109375 0.8953125 0.09375 0.1703125
7 0.4296875 0.159375 0.09375 0.171875
12 0.315625 0.8765625 0.0953125 0.19375
4 0.1921875 0.6609375 0.0828125 0.1609375
11 0.3671875 0.3984375 0.090625 0.15625
4 0.2921875 0.6375 0.09375 0.171875
14 0.41875 0.846875 0.1046875 0.1796875
14 0.4609375 0.3828125 0.0875 0.1671875
18 0.61875 0.1125 0.0734375 0.1625
14 0.5484375 0.3609375 0.090625 0.1671875
3 0.48125 0.578125 0.0984375 0.1765625
18 0.621875 0.76875 0.0828125 0.19375
14 0.7109375 0.746875 0.0953125 0.175
23 0.6765625 0.521875 0.0953125 0.175
0 0.5796875 0.5578125 0.078125 0.1625