5 0.05 0.26875 0.0875 0.1796875
11 0.128125 0.2359375 0.0875 0.175
19 0.21875 0.2109375 0.090625 0.175
17 0.325 0.178125 0.0859375 0.1796875
7 0.0703125 0.4875 0.0875 0.1875
4 0.1546875 0.45625 0.090625 0.18125
16 0.0953125 0.6953125 0.09375 0.1671875
4 0.121875 0.8984375 0.078125 0.153125
11 0.2109375 0.89375 0.09375 0.1703125
7 0.4171875 0.1609375 0.0953125 0.184375
12 0.30625 0.86875 0.0953125 0.19375
4 0.18125 0.6609375 0.0828125 0.1609375
11 0.35625 0.3984375 0.090625 0.15625
4 0.284375 0.6375 0.09375 0.171875
14 0.41875 0.8421875 0.1046875 0.1796875
14 0.4609375 0.3828125 0.0875 0.1671875
18 0.6078125 0.109375 0.0828125 0.1765625
14 0.5484375 0.3609375 0.090625 0.1671875
3 0.48125 0.578125 0.0984375 0.1765625
18 0.6140625 0.76875 0.0828125 0.19375
14 0.70625 0.746875 0.0953125 0.175
23 0.659375 0.525 0.0984375 0.175
0 0.565625 0.559375 0.078125 0.1625