17 0.096875 0.2125 0.0875 0.1796875
7 0.1984375 0.1859375 0.0953125 0.184375
11 0.125 0.4375 0.0953125 0.1671875
4 0.06875 0.690625 0.09375 0.171875
14 0.190625 0.909375 0.1046875 0.1796875
14 0.23125 0.4171875 0.09375 0.1703125
18 0.4125 0.1390625 0.090625 0.1765625
14 0.328125 0.3890625 0.0875 0.1671875
3 0.2625 0.6296875 0.0984375 0.1765625
18 0.3984375 0.8375 0.0875 0.20625
14 0.5015625 0.8140625 0.0953125 0.175
23 0.471875 0.5734375 0.0984375 0.175
0 0.3625 0.6046875 0.078125 0.1625
7 0.50625 0.1171875 0.0859375 0.175
4 0.6125 0.10625 0.1 0.184375
17 0.5671875 0.553125 0.0859375 0.175
6 0.6875 0.7375 0.0875 0.1703125