17 0.059375 0.2578125 0.0875 0.1796875
7 0.1546875 0.2328125 0.0953125 0.184375
11 0.096875 0.4765625 0.0953125 0.1671875
4 0.046875 0.73125 0.09375 0.171875
14 0.1671875 0.909375 0.1046875 0.1796875
14 0.18125 0.45625 0.09375 0.1703125
18 0.3625 0.1578125 0.090625 0.1765625
14 0.29375 0.43125 0.0953125 0.1765625
3 0.2203125 0.68125 0.0984375 0.1765625
18 0.3609375 0.871875 0.090625 0.203125
14 0.4625 0.8453125 0.0953125 0.175
23 0.4296875 0.6171875 0.0984375 0.171875
0 0.3203125 0.65 0.078125 0.1625
7 0.45625 0.146875 0.0859375 0.175
4 0.5609375 0.1359375 0.1 0.184375
17 0.5328125 0.58125 0.0859375 0.175
6 0.659375 0.7671875 0.0875 0.1703125