4 0.125 0.2296875 0.0765625 0.171875
3 0.04375 0.6515625 0.0828125 0.1578125
0 0.1296875 0.6453125 0.0828125 0.1609375
12 0.2109375 0.2046875 0.0828125 0.165625
3 0.403125 0.18125 0.0765625 0.165625
14 0.49375 0.1734375 0.08125 0.1609375
3 0.21875 0.6296875 0.090625 0.171875
0 0.2171875 0.40625 0.078125 0.153125
5 0.31875 0.403125 0.078125 0.171875
18 0.4203125 0.396875 0.0875 0.1796875
21 0.5921875 0.1609375 0.0859375 0.165625
13 0.684375 0.1546875 0.0734375 0.1609375
11 0.45 0.8375 0.09375 0.1796875
0 0.3375 0.853125 0.0859375 0.1765625
18 0.4296875 0.6015625 0.09375 0.1671875
4 0.5171875 0.390625 0.0859375 0.171875
16 0.6046875 0.378125 0.0828125 0.1671875
14 0.528125 0.5875 0.0875 0.1703125
11 0.5578125 0.815625 0.1046875 0.1796875
11 0.6265625 0.575 0.0859375 0.1625
18 0.8359375 0.153125 0.071875 0.1453125
16 0.7453125 0.7765625 0.1 0.184375