11 0.3828125 0.1328125 0.0953125 0.1484375
14 0.475 0.1328125 0.090625 0.1578125
14 0.5765625 0.1234375 0.0859375 0.1625
16 0.0890625 0.403125 0.0828125 0.1671875
4 0.184375 0.3859375 0.090625 0.18125
4 0.3015625 0.378125 0.103125 0.2015625
3 0.496875 0.353125 0.0953125 0.175
0 0.5890625 0.3421875 0.0828125 0.1703125
23 0.6890625 0.3265625 0.090625 0.1765625
17 0.775 0.315625 0.0828125 0.1765625
4 0.096875 0.6390625 0.090625 0.171875
11 0.2 0.621875 0.0953125 0.184375
12 0.309375 0.596875 0.103125 0.175
14 0.421875 0.584375 0.1 0.1890625
18 0.6109375 0.5421875 0.090625 0.165625
18 0.215625 0.8609375 0.0859375 0.1890625
7 0.128125 0.86875 0.0875 0.1765625
6 0.040625 0.8671875 0.0734375 0.1671875
25 0.325 0.846875 0.0828125 0.18125
3 0.4359375 0.871875 0.103125 0.1890625
17 0.6375 0.76875 0.0953125 0.18125
0 0.7296875 0.746875 0.0859375 0.1796875
4 0.1828125 0.1640625 0.0828125 0.1796875