11 0.371875 0.1375 0.09375 0.1609375
14 0.46875 0.134375 0.090625 0.1578125
14 0.565625 0.1234375 0.0859375 0.1625
16 0.075 0.4109375 0.0828125 0.1671875
4 0.178125 0.3859375 0.090625 0.18125
4 0.2890625 0.378125 0.103125 0.2015625
3 0.4875 0.353125 0.0953125 0.175
0 0.578125 0.3421875 0.0828125 0.1703125
23 0.675 0.3265625 0.090625 0.1765625
17 0.7625 0.315625 0.0828125 0.1765625
4 0.0859375 0.6390625 0.090625 0.171875
11 0.1859375 0.6234375 0.0953125 0.184375
12 0.3 0.596875 0.103125 0.175
14 0.4109375 0.584375 0.1 0.1890625
18 0.6 0.5421875 0.090625 0.165625
18 0.2078125 0.8671875 0.0875 0.1890625
7 0.1125 0.86875 0.0875 0.1765625
6 0.0375 0.86875 0.0734375 0.1671875
25 0.315625 0.85 0.0859375 0.18125
3 0.41875 0.8765625 0.103125 0.1890625
17 0.6203125 0.76875 0.0953125 0.18125
0 0.7140625 0.746875 0.0859375 0.1796875
4 0.16875 0.16875 0.0828125 0.1796875
14 0.6953125 0.534375 0.09375 0.1703125