11 0.1640625 0.203125 0.09375 0.1578125
14 0.2609375 0.1984375 0.090625 0.1578125
14 0.3609375 0.1796875 0.0859375 0.165625
4 0.084375 0.4484375 0.0875 0.1921875
3 0.278125 0.4046875 0.0953125 0.175
0 0.38125 0.3984375 0.0828125 0.1703125
23 0.478125 0.3765625 0.090625 0.1765625
17 0.5703125 0.3671875 0.0828125 0.1765625
12 0.0828125 0.6671875 0.078125 0.175
14 0.184375 0.659375 0.1 0.1890625
18 0.396875 0.60625 0.0875 0.165625
17 0.409375 0.8390625 0.0953125 0.18125
0 0.515625 0.8125 0.0859375 0.1796875
14 0.496875 0.5859375 0.09375 0.1703125
8 0.60625 0.8 0.0875 0.19375
3 0.70625 0.778125 0.090625 0.1890625
6 0.678125 0.559375 0.09375 0.18125
14 0.753125 0.334375 0.0875 0.15625