14 0.0859375 0.21875 0.090625 0.1578125
14 0.184375 0.1953125 0.09375 0.165625
3 0.0875 0.4359375 0.0953125 0.175
0 0.184375 0.41875 0.08125 0.1703125
23 0.3046875 0.3984375 0.0984375 0.1765625
17 0.4125 0.3859375 0.0859375 0.175
18 0.2 0.665625 0.1 0.1765625
17 0.2328125 0.9046875 0.0953125 0.18125
0 0.3328125 0.8921875 0.0859375 0.1796875
14 0.3171875 0.6359375 0.090625 0.18125
8 0.440625 0.865625 0.0875 0.19375
3 0.55 0.8328125 0.090625 0.1890625
6 0.528125 0.5921875 0.0953125 0.18125
14 0.6 0.359375 0.0859375 0.1671875
5 0.696875 0.3515625 0.0859375 0.1765625
4 0.6265625 0.5859375 0.0875 0.18125