8 0.0390625 0.86875 0.0765625 0.165625
3 0.13125 0.859375 0.09375 0.1890625
6 0.096875 0.6234375 0.0953125 0.18125
14 0.178125 0.3671875 0.0984375 0.175
5 0.2921875 0.3453125 0.09375 0.1796875
4 0.2046875 0.6 0.103125 0.1625
18 0.315625 0.5859375 0.09375 0.1796875
18 0.5 0.3234375 0.090625 0.1671875
4 0.4453125 0.7921875 0.0875 0.1625
11 0.5515625 0.759375 0.0875 0.175
11 0.521875 0.5296875 0.0859375 0.1484375
7 0.5875 0.31875 0.08125 0.1703125
14 0.6171875 0.515625 0.090625 0.153125
14 0.7375 0.7125 0.0984375 0.175
12 0.64375 0.7375 0.0859375 0.1703125