3 0.046875 0.8765625 0.09375 0.1890625
14 0.075 0.3890625 0.0984375 0.175
5 0.184375 0.3578125 0.090625 0.1796875
4 0.0984375 0.6359375 0.0875 0.1765625
18 0.20625 0.615625 0.0953125 0.1796875
18 0.4125 0.3359375 0.0875 0.1671875
4 0.33125 0.825 0.0875 0.1625
11 0.446875 0.8015625 0.1 0.1890625
11 0.43125 0.553125 0.090625 0.1578125
7 0.503125 0.325 0.08125 0.1703125
14 0.528125 0.5328125 0.09375 0.153125
14 0.64375 0.7359375 0.0984375 0.175
12 0.54375 0.7640625 0.0875 0.1765625
0 0.596875 0.309375 0.0859375 0.171875
18 0.6859375 0.2984375 0.078125 0.18125
17 0.6203125 0.5078125 0.0859375 0.1625