5 0.115625 0.378125 0.09375 0.1796875
4 0.046875 0.6375 0.0875 0.1765625
18 0.1328125 0.628125 0.0953125 0.1796875
18 0.340625 0.346875 0.0875 0.1671875
4 0.259375 0.84375 0.103125 0.175
11 0.3796875 0.8203125 0.1 0.1890625
11 0.3609375 0.565625 0.090625 0.1578125
7 0.4359375 0.33125 0.08125 0.1703125
14 0.4625 0.5453125 0.09375 0.153125
14 0.5890625 0.75625 0.0984375 0.175
12 0.4875 0.7765625 0.0875 0.1765625
0 0.5359375 0.3171875 0.0859375 0.171875
18 0.625 0.30625 0.078125 0.1796875
17 0.559375 0.5140625 0.0859375 0.1625
18 0.65625 0.50625 0.09375 0.1796875