3 0.2953125 0.0828125 0.0828125 0.1625
0 0.39375 0.078125 0.08125 0.1484375
3 0.5 0.084375 0.0875 0.1578125
18 0.675 0.0828125 0.08125 0.15625
14 0.7625 0.0859375 0.0734375 0.15625
11 0.840625 0.090625 0.0734375 0.1390625
11 0.6859375 0.2875 0.08125 0.1484375
21 0.596875 0.5015625 0.0859375 0.15625
13 0.60625 0.728125 0.0875 0.175
0 0.5078125 0.73125 0.0859375 0.1703125
0 0.5953125 0.2859375 0.0859375 0.15
8 0.4140625 0.515625 0.0875 0.1796875
11 0.784375 0.2875 0.0953125 0.1484375
3 0.7078125 0.7171875 0.0859375 0.1796875
8 0.690625 0.496875 0.08125 0.1671875