3 0.2734375 0.0828125 0.08125 0.1625
0 0.3625 0.0828125 0.08125 0.15
3 0.4578125 0.084375 0.0875 0.1578125
18 0.640625 0.084375 0.08125 0.15625
14 0.7234375 0.0859375 0.0765625 0.15625
11 0.8078125 0.090625 0.0734375 0.1390625
11 0.64375 0.2890625 0.08125 0.1453125
21 0.559375 0.50625 0.0859375 0.15625
13 0.5640625 0.728125 0.0859375 0.175
0 0.4640625 0.73125 0.0859375 0.1703125
0 0.5484375 0.29375 0.0859375 0.1484375
8 0.365625 0.51875 0.0875 0.1796875
11 0.7375 0.2828125 0.0953125 0.15
3 0.659375 0.7171875 0.0859375 0.1796875
8 0.653125 0.496875 0.08125 0.1671875