3 0.125 0.1328125 0.0828125 0.1625
0 0.2234375 0.10625 0.08125 0.15
3 0.315625 0.1125 0.0875 0.1578125
18 0.5046875 0.1109375 0.0875 0.15625
14 0.596875 0.1046875 0.0765625 0.15625
11 0.684375 0.096875 0.08125 0.1453125
11 0.50625 0.309375 0.0859375 0.153125
21 0.4125 0.534375 0.0875 0.1796875
13 0.4046875 0.778125 0.0953125 0.2015625
0 0.3 0.784375 0.0859375 0.1703125
0 0.4125 0.3109375 0.0859375 0.1484375
8 0.1984375 0.546875 0.090625 0.1796875
11 0.6046875 0.303125 0.0953125 0.1484375
3 0.5125 0.753125 0.0859375 0.18125
8 0.5109375 0.528125 0.08125 0.1671875
11 0.6046875 0.51875 0.0953125 0.1625
3 0.771875 0.0953125 0.0734375 0.1484375