3 0.0625 0.15 0.0828125 0.1625
0 0.1578125 0.1265625 0.08125 0.1484375
3 0.2484375 0.115625 0.0859375 0.1578125
18 0.434375 0.1015625 0.0875 0.15625
14 0.5328125 0.096875 0.0859375 0.153125
11 0.63125 0.096875 0.08125 0.1453125
11 0.453125 0.315625 0.0875 0.153125
21 0.3515625 0.54375 0.0875 0.1796875
13 0.3515625 0.778125 0.0953125 0.2015625
0 0.2453125 0.7890625 0.0859375 0.1703125
0 0.346875 0.3109375 0.0859375 0.1484375
8 0.14375 0.5640625 0.090625 0.1796875
11 0.55 0.309375 0.0953125 0.1484375
3 0.465625 0.753125 0.0859375 0.18125
8 0.45625 0.5328125 0.08125 0.165625
11 0.5578125 0.5203125 0.0953125 0.1625
3 0.7171875 0.0953125 0.0734375 0.1484375
11 0.6546875 0.515625 0.0953125 0.1625
18 0.665625 0.746875 0.0953125 0.1796875
16 0.740625 0.2890625 0.090625 0.1671875