18 0.15 0.134375 0.0875 0.15625
14 0.2375 0.11875 0.0828125 0.153125
11 0.3265625 0.1078125 0.0859375 0.153125
11 0.1328125 0.3421875 0.0875 0.15
21 0.05 0.575 0.0984375 0.1765625
13 0.05 0.7921875 0.0875 0.175
0 0.0546875 0.3484375 0.0859375 0.15
11 0.2234375 0.3359375 0.0953125 0.1625
3 0.1390625 0.7953125 0.0953125 0.1875
8 0.14375 0.559375 0.0984375 0.175
11 0.23125 0.546875 0.0953125 0.1625
3 0.4296875 0.0921875 0.0828125 0.14375
11 0.340625 0.53125 0.0953125 0.1625
18 0.3359375 0.7671875 0.0984375 0.19375
16 0.425 0.3046875 0.09375 0.1671875
7 0.4484375 0.753125 0.1046875 0.1984375
8 0.5296875 0.2984375 0.0859375 0.1765625
4 0.553125 0.7265625 0.1046875 0.184375
6 0.6171875 0.284375 0.090625 0.18125
7 0.7125 0.284375 0.0859375 0.1765625
4 0.7015625 0.075 0.0734375 0.1484375
11 0.784375 0.078125 0.06875 0.140625