18 0.115625 0.134375 0.0875 0.15625
14 0.196875 0.11875 0.0859375 0.153125
11 0.290625 0.109375 0.0828125 0.153125
11 0.1046875 0.3421875 0.0875 0.15
21 0.0296875 0.56875 0.059375 0.165625
13 0.0421875 0.784375 0.0734375 0.1625
11 0.196875 0.3359375 0.0953125 0.1625
3 0.11875 0.7859375 0.0859375 0.1703125
8 0.10625 0.559375 0.0828125 0.171875
11 0.1921875 0.546875 0.09375 0.1625
3 0.390625 0.0921875 0.0859375 0.14375
11 0.3 0.53125 0.09375 0.1625
18 0.3140625 0.76875 0.0984375 0.19375
16 0.3890625 0.3046875 0.09375 0.1671875
7 0.425 0.753125 0.1046875 0.1984375
8 0.4890625 0.2984375 0.0859375 0.1765625
4 0.5328125 0.7265625 0.1046875 0.184375
6 0.584375 0.284375 0.090625 0.18125
7 0.6765625 0.28125 0.0859375 0.1765625
4 0.659375 0.075 0.0734375 0.1484375
11 0.7421875 0.0703125 0.071875 0.140625
18 0.7734375 0.2671875 0.090625 0.1765625
13 0.7203125 0.690625 0.1078125 0.1921875