18 0.084375 0.134375 0.0875 0.15625
14 0.1703125 0.1234375 0.0828125 0.153125
11 0.2625 0.1140625 0.0828125 0.153125
11 0.075 0.346875 0.0875 0.153125
11 0.165625 0.3359375 0.0953125 0.1625
3 0.08125 0.79375 0.0859375 0.1703125
8 0.0703125 0.5625 0.0828125 0.171875
11 0.1640625 0.559375 0.0984375 0.1703125
3 0.3609375 0.0859375 0.0859375 0.14375
11 0.26875 0.54375 0.1046875 0.175
18 0.26875 0.778125 0.0984375 0.19375
16 0.3625 0.309375 0.09375 0.1671875
7 0.375 0.7703125 0.1046875 0.1984375
8 0.4609375 0.2984375 0.0859375 0.1765625
4 0.4875 0.7375 0.1046875 0.184375
6 0.5546875 0.2921875 0.090625 0.18125
7 0.6515625 0.2765625 0.0859375 0.175
4 0.634375 0.075 0.0734375 0.1484375
11 0.7140625 0.0703125 0.071875 0.140625
18 0.746875 0.2671875 0.090625 0.1765625
13 0.678125 0.7046875 0.1078125 0.1921875