7 0.075 0.1734375 0.0953125 0.1890625
18 0.190625 0.1359375 0.1 0.2015625
25 0.309375 0.1078125 0.1 0.184375
17 0.6078125 0.090625 0.0765625 0.15625
13 0.0828125 0.6703125 0.121875 0.2234375
4 0.2203125 0.6421875 0.109375 0.2109375
22 0.3515625 0.6046875 0.1140625 0.2015625
18 0.4765625 0.56875 0.090625 0.196875
6 0.371875 0.8921875 0.1 0.215625
14 0.4984375 0.8421875 0.1078125 0.196875
13 0.6046875 0.7921875 0.0953125 0.20625
18 0.671875 0.51875 0.0953125 0.1875
0 0.6921875 0.09375 0.08125 0.153125
4 0.7078125 0.7609375 0.09375 0.19375