19 0.6546875 0.215625 0.05625 0.1484375
13 0.71875 0.215625 0.0515625 0.15625
20 0.725 0.403125 0.05625 0.1453125
0 0.6640625 0.403125 0.05625 0.14375
9 0.590625 0.2171875 0.0515625 0.140625
6 0.775 0.2140625 0.0515625 0.14375
4 0.7828125 0.396875 0.0515625 0.1484375
7 0.596875 0.403125 0.05 0.1390625
14 0.659375 0.590625 0.05625 0.140625
2 0.6015625 0.5875 0.0515625 0.140625
19 0.725 0.584375 0.05625 0.1453125
16 0.784375 0.58125 0.0515625 0.1453125
17 0.8421875 0.575 0.046875 0.15
17 0.8984375 0.7578125 0.0546875 0.140625
16 0.790625 0.76875 0.0625 0.1453125
9 0.846875 0.7640625 0.0546875 0.15
8 0.728125 0.76875 0.0515625 0.14375
1 0.6671875 0.7703125 0.05625 0.140625
11 0.8375 0.2140625 0.0515625 0.1609375
13 0.959375 0.753125 0.05 0.14375