0 0.0609375 0.2546875 0.0578125 0.125
1 0.171875 0.2609375 0.0765625 0.13125
2 0.275 0.2609375 0.0734375 0.1328125
3 0.38125 0.2609375 0.071875 0.1375
4 0.4890625 0.265625 0.0703125 0.1328125
5 0.596875 0.26328125 0.071875 0.1359375
6 0.703125 0.26328125 0.0734375 0.134375
7 0.8078125 0.26328125 0.0671875 0.1390625
8 0.915625 0.2609375 0.071875 0.1328125
9 0.0640625 0.571875 0.06875 0.1546875
10 0.1671875 0.578125 0.065625 0.159375
11 0.278125 0.571875 0.0671875 0.1546875
12 0.3828125 0.578125 0.0734375 0.1421875
13 0.4875 0.57421875 0.065625 0.15625
14 0.596875 0.578125 0.071875 0.165625
15 0.6984375 0.57421875 0.0875 0.171875
16 0.8078125 0.5671875 0.071875 0.15625
17 0.915625 0.58046875 0.071875 0.15
18 0.06875 0.85625 0.071875 0.1546875
19 0.171875 0.8609375 0.0765625 0.1328125
20 0.275 0.8546875 0.075 0.1625
21 0.3859375 0.8609375 0.071875 0.1453125
22 0.4953125 0.86953125 0.084375 0.153125
23 0.5953125 0.85625 0.0765625 0.1421875
24 0.703125 0.8609375 0.065625 0.15
25 0.809375 0.85859375 0.06875 0.159375