19 0.640625 0.2140625 0.05625 0.15
13 0.7 0.2109375 0.0515625 0.15625
20 0.7109375 0.384375 0.05625 0.1453125
0 0.6484375 0.3828125 0.05625 0.14375
9 0.578125 0.209375 0.0515625 0.140625
6 0.7625 0.2 0.0515625 0.1484375
4 0.76875 0.378125 0.0515625 0.15
7 0.5859375 0.3890625 0.0515625 0.1390625
14 0.653125 0.559375 0.05625 0.140625
2 0.5953125 0.565625 0.05 0.140625
19 0.7109375 0.5484375 0.05625 0.1453125
16 0.771875 0.5546875 0.0515625 0.1453125
17 0.8296875 0.5421875 0.0515625 0.15
17 0.89375 0.709375 0.0546875 0.140625
16 0.7828125 0.7265625 0.0625 0.1453125
9 0.840625 0.7140625 0.0546875 0.15
8 0.7203125 0.728125 0.0515625 0.14375
1 0.6609375 0.73125 0.05625 0.140625
11 0.8203125 0.1953125 0.0515625 0.14375
13 0.9484375 0.703125 0.05 0.14375
21 0.8984375 0.8859375 0.0546875 0.14375
4 0.9546875 0.878125 0.05 0.15625
7 0.7875 0.9046875 0.0546875 0.15
2 0.725 0.9 0.0515625 0.1390625
19 0.6640625 0.91875 0.0546875 0.140625
12 0.60625 0.915625 0.0546875 0.13125