18 0.08125 0.878125 0.1171875 0.2421875
7 0.1953125 0.8828125 0.11875 0.234375
4 0.1078125 0.1640625 0.0765625 0.165625
21 0.3046875 0.1078125 0.090625 0.175
4 0.3203125 0.875 0.1140625 0.2328125
0 0.39375 0.096875 0.0734375 0.1671875
17 0.4984375 0.09375 0.0875 0.1625
7 0.425 0.5546875 0.09375 0.2015625
0 0.540625 0.528125 0.0953125 0.1984375
6 0.6828125 0.0796875 0.0734375 0.15
15 0.6484375 0.5046875 0.1046875 0.20625
16 0.6828125 0.7703125 0.103125 0.215625
14 0.7609375 0.0796875 0.071875 0.153125