17 0.065625 0.184375 0.0875 0.1875
0 0.0484375 0.65 0.0953125 0.1984375
6 0.2625 0.153125 0.0875 0.1765625
15 0.1609375 0.640625 0.11875 0.2203125
14 0.3671875 0.1375 0.0875 0.175
13 0.4640625 0.1078125 0.090625 0.165625
19 0.3 0.8953125 0.1125 0.2078125
18 0.2875 0.609375 0.1140625 0.2203125
4 0.4109375 0.565625 0.1 0.2109375
17 0.4328125 0.8625 0.1125 0.2609375
18 0.5671875 0.825 0.1140625 0.265625
4 0.5578125 0.0953125 0.0828125 0.1578125
16 0.5296875 0.55 0.1078125 0.2015625
23 0.6859375 0.7828125 0.121875 0.225