11 0.153125 0.5421875 0.1125 0.2078125
13 0.3203125 0.871875 0.1296875 0.2546875
0 0.175 0.88125 0.1265625 0.225
14 0.31875 0.534375 0.1171875 0.2203125
18 0.31875 0.2359375 0.1046875 0.2109375
7 0.4453125 0.2296875 0.1046875 0.20625
14 0.45625 0.515625 0.1125 0.215625
3 0.471875 0.840625 0.125 0.246875
10 0.5859375 0.5078125 0.1140625 0.21875
4 0.5703125 0.2203125 0.103125 0.1984375
4 0.7109375 0.5015625 0.1140625 0.2328125
6 0.746875 0.7921875 0.109375 0.25
3 0.825 0.4828125 0.0984375 0.2296875