16 0.409375 0.2265625 0.11875 0.2078125
16 0.45 0.8703125 0.13125 0.259375
3 0.26875 0.534375 0.121875 0.24375
4 0.1015625 0.575 0.1296875 0.24375
0 0.265625 0.8921875 0.1078125 0.215625
0 0.5640625 0.49375 0.1046875 0.203125
19 0.5421875 0.21875 0.109375 0.19375
3 0.59375 0.815625 0.125 0.25
17 0.653125 0.215625 0.1046875 0.2015625
11 0.6921875 0.4765625 0.1171875 0.2015625
4 0.73125 0.790625 0.1078125 0.246875
13 0.8484375 0.75625 0.1171875 0.259375
11 0.8171875 0.4625 0.11875 0.196875
18 0.753125 0.2078125 0.1 0.2078125
23 0.8546875 0.2015625 0.0953125 0.1765625