20 0.659375 0.2390625 0.05625 0.15
0 0.5921875 0.240625 0.05625 0.1453125
4 0.715625 0.2296875 0.0546875 0.153125
7 0.5328125 0.240625 0.0515625 0.140625
14 0.6 0.4203125 0.05625 0.140625
2 0.534375 0.4203125 0.0515625 0.140625
19 0.6625 0.4203125 0.05625 0.1453125
16 0.7234375 0.4125 0.0515625 0.1453125
17 0.784375 0.403125 0.0515625 0.15
17 0.853125 0.5765625 0.0546875 0.140625
16 0.73125 0.596875 0.0625 0.1453125
9 0.7890625 0.5859375 0.0546875 0.1484375
8 0.665625 0.5984375 0.0515625 0.1578125
1 0.609375 0.60625 0.05625 0.140625
21 0.865625 0.759375 0.0515625 0.153125
4 0.9203125 0.7578125 0.05 0.15625
7 0.7375 0.784375 0.0546875 0.15
2 0.675 0.7859375 0.0515625 0.1390625
19 0.6171875 0.8046875 0.0546875 0.140625
12 0.5453125 0.80625 0.0546875 0.140625