20 0.5609375 0.3390625 0.059375 0.1609375
0 0.496875 0.334375 0.05625 0.1453125
4 0.628125 0.334375 0.0546875 0.15
7 0.425 0.3375 0.0515625 0.140625
14 0.5 0.54375 0.059375 0.15625
2 0.43125 0.5484375 0.05625 0.1453125
19 0.565625 0.54375 0.05625 0.1453125
16 0.63125 0.5328125 0.05625 0.1578125
17 0.690625 0.5171875 0.0515625 0.1484375
17 0.75625 0.6984375 0.05625 0.153125
16 0.6328125 0.73125 0.059375 0.1609375
9 0.6953125 0.7078125 0.0546875 0.15
8 0.5703125 0.73125 0.0546875 0.1625
1 0.503125 0.759375 0.0546875 0.153125
21 0.76875 0.903125 0.059375 0.153125
4 0.83125 0.8921875 0.0515625 0.153125
7 0.6375 0.925 0.0546875 0.15
2 0.575 0.9296875 0.05 0.1390625
13 0.821875 0.696875 0.05625 0.15625
14 0.815625 0.3015625 0.0625 0.175
4 0.8875 0.6875 0.05625 0.1625
11 0.953125 0.86875 0.05625 0.15625
4 0.7578125 0.5078125 0.05625 0.171875
25 0.825 0.50625 0.0640625 0.1671875
12 0.7546875 0.3046875 0.059375 0.1703125
9 0.41875 0.15 0.06875 0.165625
19 0.4890625 0.1390625 0.05 0.1609375