20 0.5046875 0.553125 0.059375 0.1609375
0 0.45 0.565625 0.05625 0.1453125
4 0.5640625 0.5515625 0.0546875 0.153125
14 0.4546875 0.721875 0.059375 0.15625
19 0.51875 0.715625 0.05625 0.1453125
16 0.571875 0.709375 0.05625 0.1578125
17 0.69375 0.8484375 0.0515625 0.1578125
16 0.5828125 0.8640625 0.046875 0.15625
9 0.6421875 0.853125 0.0515625 0.13125
14 0.7203125 0.521875 0.05 0.1671875
12 0.66875 0.5296875 0.0546875 0.14375
19 0.4359375 0.4 0.05 0.1609375
13 0.490625 0.39375 0.05625 0.1625
6 0.5453125 0.3953125 0.046875 0.1625
13 0.7765625 0.51875 0.05 0.1578125
11 0.603125 0.378125 0.05 0.15625
4 0.6546875 0.3671875 0.0515625 0.1578125
17 0.628125 0.6984375 0.0453125 0.153125
13 0.7515625 0.828125 0.046875 0.15
4 0.684375 0.69375 0.0515625 0.1578125
4 0.80625 0.821875 0.0546875 0.1390625
25 0.74375 0.6796875 0.05 0.1359375
1 0.846875 0.659375 0.0515625 0.1390625
10 0.83125 0.503125 0.046875 0.121875
19 0.9 0.64375 0.046875 0.140625
17 0.85625 0.815625 0.0453125 0.1390625
18 0.909375 0.809375 0.046875 0.1390625
17 0.534375 0.215625 0.046875 0.1453125
14 0.590625 0.209375 0.0515625 0.1453125
13 0.6953125 0.190625 0.0515625 0.153125
14 0.7484375 0.184375 0.05625 0.14375
21 0.8015625 0.18125 0.05 0.153125
7 0.7625 0.3578125 0.0546875 0.14375
14 0.81875 0.35 0.0515625 0.1390625
9 0.378125 0.4140625 0.0546875 0.1484375
7 0.3875 0.5765625 0.0515625 0.140625