7 0.059375 0.3875 0.1140625 0.20625
14 0.1890625 0.3640625 0.1171875 0.225
19 0.3109375 0.33125 0.103125 0.2125
17 0.4390625 0.325 0.0984375 0.21875
4 0.559375 0.3109375 0.1046875 0.21875
1 0.0734375 0.665625 0.1046875 0.203125
0 0.2 0.6390625 0.1046875 0.203125
2 0.328125 0.603125 0.1046875 0.2015625
10 0.4640625 0.60625 0.121875 0.196875
4 0.3515625 0.896875 0.1171875 0.20625
17 0.6078125 0.8671875 0.1046875 0.21875
18 0.7296875 0.84375 0.0953125 0.2296875
18 0.70625 0.5640625 0.103125 0.20625