18 0.1140625 0.734375 0.103125 0.2078125
7 0.23125 0.7015625 0.1140625 0.215625
8 0.203125 0.4234375 0.1078125 0.21875
13 0.315625 0.3984375 0.1046875 0.234375
4 0.346875 0.6640625 0.1078125 0.2109375
16 0.471875 0.6328125 0.109375 0.2109375
20 0.05625 0.1796875 0.1125 0.1765625
4 0.16875 0.159375 0.0953125 0.2078125
13 0.2921875 0.121875 0.103125 0.2125
2 0.55 0.340625 0.1078125 0.2328125
4 0.6171875 0.878125 0.103125 0.215625
4 0.5875 0.6109375 0.1125 0.215625
18 0.4890625 0.896875 0.1046875 0.2015625