19 0.54375 0.159375 0.0515625 0.153125
19 0.6203125 0.5078125 0.05625 0.1359375
13 0.675 0.5 0.046875 0.13125
13 0.95625 0.659375 0.046875 0.134375
14 0.771875 0.1546875 0.0515625 0.134375
14 0.778125 0.3234375 0.0515625 0.1359375
14 0.903125 0.66875 0.0515625 0.13125
11 0.7890625 0.5 0.05625 0.1390625
20 0.6796875 0.690625 0.0515625 0.1265625
0 0.621875 0.6859375 0.0515625 0.121875
15 0.6015625 0.159375 0.0515625 0.1359375
18 0.715625 0.153125 0.0515625 0.14375
17 0.725 0.325 0.0625 0.1484375
9 0.5609375 0.5140625 0.0515625 0.1390625
6 0.728125 0.503125 0.0546875 0.13125
4 0.840625 0.503125 0.046875 0.1359375
4 0.7359375 0.684375 0.046875 0.1359375
7 0.565625 0.690625 0.05 0.1390625
12 0.846875 0.6625 0.046875 0.125
14 0.6296875 0.8640625 0.05 0.1265625
2 0.56875 0.8625 0.0546875 0.11875
19 0.6859375 0.8484375 0.05625 0.1359375
16 0.7421875 0.85 0.05 0.1390625
17 0.8 0.8453125 0.046875 0.15
4 0.8578125 0.8375 0.046875 0.140625
25 0.9109375 0.8296875 0.046875 0.11875