10 0.071875 0.5453125 0.05625 0.0796875
4 0.1375 0.5453125 0.053125 0.08125
13 0.20625 0.54453125 0.05625 0.078125
13 0.27265625 0.54296875 0.059375 0.078125
4 0.34296875 0.54296875 0.053125 0.078125
19 0.41015625 0.54296875 0.0546875 0.078125
7 0.47578125 0.54296875 0.05625 0.0796875
16 0.58046875 0.5421875 0.05625 0.078125
20 0.64921875 0.54140625 0.05625 0.08125
8 0.71640625 0.53984375 0.05625 0.084375
12 0.784375 0.54140625 0.053125 0.078125
15 0.8515625 0.54296875 0.0578125 0.08125
14 0.91796875 0.5390625 0.05 0.075
5 0.3609375 0.66640625 0.0515625 0.078125
0 0.42734375 0.66640625 0.0546875 0.078125
9 0.49609375 0.66640625 0.059375 0.08125
4 0.5640625 0.66640625 0.0515625 0.0828125
11 0.63515625 0.66953125 0.0609375 0.0828125