0 0.175 0.54375 0.0609375 0.084375
13 0.2390625 0.5421875 0.0515625 0.084375
3 0.3046875 0.54375 0.0515625 0.084375
17 0.375 0.54375 0.0515625 0.0796875
4 0.44375 0.5421875 0.0515625 0.08125
0 0.5109375 0.54375 0.0515625 0.0796875
6 0.615625 0.5421875 0.0515625 0.075
0 0.6796875 0.5421875 0.0515625 0.0765625
8 0.7515625 0.5421875 0.053125 0.078125
11 0.81875 0.5421875 0.053125 0.08125
12 0.1703125 0.665625 0.0515625 0.075
0 0.2390625 0.665625 0.05 0.075
24 0.3078125 0.6671875 0.05625 0.0796875
20 0.3765625 0.6671875 0.053125 0.078125
6 0.44375 0.665625 0.05625 0.0796875
0 0.509375 0.665625 0.053125 0.0796875
0 0.6140625 0.665625 0.0515625 0.08125
11 0.68125 0.6671875 0.05 0.08125
8 0.753125 0.665625 0.053125 0.084375
12 0.8203125 0.665625 0.05625 0.0859375