0 0.175 0.54296875 0.0609375 0.0859375
13 0.23984375 0.5421875 0.053125 0.0859375
3 0.30546875 0.54296875 0.053125 0.0859375
17 0.375 0.54296875 0.0515625 0.08125
4 0.44375 0.54296875 0.053125 0.0828125
0 0.51171875 0.54296875 0.053125 0.08125
6 0.615625 0.5421875 0.053125 0.0765625
0 0.68046875 0.54296875 0.053125 0.078125
8 0.7515625 0.5421875 0.0546875 0.078125
11 0.81953125 0.54296875 0.0546875 0.0828125
12 0.1703125 0.66640625 0.053125 0.0765625
0 0.23984375 0.66484375 0.0515625 0.0765625
24 0.30703125 0.6671875 0.05625 0.0796875
20 0.3765625 0.6671875 0.0546875 0.078125
6 0.44375 0.665625 0.0578125 0.0796875
0 0.51015625 0.665625 0.0546875 0.0796875
0 0.61484375 0.665625 0.053125 0.0828125
11 0.68125 0.6671875 0.0515625 0.0828125
8 0.75234375 0.66640625 0.0546875 0.0859375
12 0.82109375 0.665625 0.0578125 0.0875