0 0.1171875 0.1859375 0.0625 0.121875
1 0.25234375 0.184375 0.065625 0.1234375
2 0.390625 0.1859375 0.065625 0.125
3 0.52421875 0.18671875 0.0640625 0.1234375
4 0.6625 0.1859375 0.0640625 0.121875
5 0.803125 0.18125 0.0625 0.1171875
6 0.9390625 0.18359375 0.0625 0.125
7 0.11640625 0.42734375 0.0625 0.121875
8 0.25234375 0.4265625 0.0625 0.11875
9 0.390625 0.42734375 0.0625 0.121875
10 0.5234375 0.4265625 0.065625 0.1234375
11 0.6625 0.4296875 0.0640625 0.125
12 0.8015625 0.42890625 0.065625 0.11875
13 0.93984375 0.42421875 0.0625 0.11875
14 0.1171875 0.67265625 0.0625 0.11875
15 0.2546875 0.67265625 0.0640625 0.11875
16 0.39140625 0.6734375 0.0640625 0.125
17 0.525 0.67734375 0.065625 0.11875
18 0.6625 0.67265625 0.0640625 0.1234375
19 0.79921875 0.675 0.0671875 0.1234375
20 0.93984375 0.678125 0.0671875 0.125
21 0.25546875 0.91328125 0.065625 0.121875
22 0.390625 0.91640625 0.0625 0.1140625
23 0.525 0.91796875 0.065625 0.121875
24 0.6640625 0.921875 0.0640625 0.121875
25 0.80078125 0.92421875 0.0671875 0.121875