0 0.12890625 0.1390625 0.071875 0.1171875
1 0.22109375 0.1390625 0.0734375 0.1171875
2 0.3125 0.1359375 0.0640625 0.121875
3 0.40546875 0.1375 0.0609375 0.125
4 0.50078125 0.1390625 0.0640625 0.1171875
5 0.59296875 0.1359375 0.0578125 0.115625
6 0.6859375 0.1390625 0.059375 0.1171875
7 0.778125 0.1390625 0.0578125 0.121875
8 0.871875 0.1375 0.0609375 0.1140625
9 0.12890625 0.36953125 0.0578125 0.1171875
10 0.2234375 0.36640625 0.06875 0.1171875
11 0.3140625 0.36640625 0.06875 0.1171875
12 0.4078125 0.36796875 0.0640625 0.1203125
13 0.50234375 0.3640625 0.0625 0.1171875
14 0.59453125 0.36640625 0.0640625 0.128125
15 0.6890625 0.365625 0.0671875 0.1140625
16 0.77890625 0.3625 0.0640625 0.1140625
17 0.871875 0.3625 0.0609375 0.109375
18 0.17109375 0.59609375 0.0671875 0.1140625
19 0.26328125 0.59609375 0.06875 0.1140625
20 0.35703125 0.59453125 0.0640625 0.1109375
21 0.446875 0.5890625 0.0578125 0.10625
22 0.5453125 0.590625 0.0640625 0.1140625
23 0.6359375 0.59453125 0.0671875 0.1171875
24 0.7265625 0.59609375 0.0671875 0.1140625
25 0.83125 0.59453125 0.0625 0.1171875