10 0.071875 0.46484375 0.06875 0.1546875
11 0.1671875 0.46015625 0.06875 0.1546875
12 0.2625 0.46015625 0.06875 0.1578125
13 0.35625 0.4671875 0.065625 0.1734375
14 0.45 0.46953125 0.065625 0.1671875
15 0.5453125 0.46484375 0.06875 0.1671875
16 0.6390625 0.46484375 0.0625 0.159375
17 0.7359375 0.4671875 0.071875 0.16875
18 0.83125 0.4625 0.0703125 0.159375
19 0.9265625 0.46015625 0.075 0.1625
20 0.259375 0.715625 0.065625 0.1671875
21 0.3546875 0.715625 0.0640625 0.1734375
22 0.45 0.7109375 0.0703125 0.1671875
23 0.5453125 0.71796875 0.0625 0.178125
24 0.6390625 0.71328125 0.0609375 0.16875
25 0.7359375 0.71328125 0.0703125 0.16875