0 0.06484375 0.3171875 0.046875 0.2125
1 0.1375 0.325 0.0453125 0.2125
2 0.20234375 0.3234375 0.0421875 0.215625
3 0.2765625 0.3171875 0.046875 0.2125
4 0.35 0.31953125 0.0453125 0.2
5 0.42421875 0.3171875 0.046875 0.2046875
6 0.5 0.3171875 0.046875 0.2046875
7 0.5734375 0.31015625 0.0484375 0.2046875
8 0.6484375 0.31015625 0.046875 0.2046875
9 0.7203125 0.315625 0.046875 0.2078125
10 0.80625 0.32109375 0.0484375 0.2046875
11 0.88125 0.3234375 0.0515625 0.2
12 0.94375 0.3234375 0.046875 0.2
13 0.05390625 0.78984375 0.04375 0.2046875
14 0.128125 0.79140625 0.0421875 0.2
15 0.20390625 0.79375 0.046875 0.2125
16 0.2765625 0.79140625 0.046875 0.215625
17 0.35078125 0.79921875 0.05 0.2078125
18 0.42421875 0.79140625 0.05 0.2078125
19 0.5 0.79375 0.0484375 0.2125
20 0.5734375 0.79375 0.046875 0.2125
21 0.6484375 0.79140625 0.0484375 0.2
22 0.72265625 0.78828125 0.046875 0.2078125
23 0.79453125 0.78984375 0.04375 0.2125
24 0.8703125 0.79140625 0.0484375 0.215625
25 0.94375 0.7953125 0.046875 0.2078125