0 0.225 0.10234375 0.0640625 0.0734375
1 0.390625 0.10078125 0.05625 0.0671875
2 0.55234375 0.10078125 0.0578125 0.0671875
3 0.7171875 0.09921875 0.0578125 0.0640625
4 0.22734375 0.2203125 0.0609375 0.071875
5 0.3875 0.21875 0.0625 0.06875
6 0.54921875 0.22109375 0.0640625 0.0703125
7 0.715625 0.221875 0.0625 0.075
8 0.2265625 0.3390625 0.0671875 0.0734375
9 0.39453125 0.33984375 0.0640625 0.071875
10 0.5578125 0.33828125 0.059375 0.06875
11 0.72734375 0.340625 0.0640625 0.0734375
12 0.2265625 0.45546875 0.0625 0.071875
13 0.396875 0.45703125 0.0640625 0.071875
14 0.5609375 0.459375 0.0671875 0.0734375
15 0.7296875 0.45703125 0.0640625 0.06875
16 0.2328125 0.575 0.0671875 0.0671875
17 0.40625 0.57578125 0.0671875 0.0671875
18 0.57265625 0.57578125 0.0640625 0.075
19 0.7375 0.575 0.06875 0.0734375
20 0.2265625 0.696875 0.0625 0.0734375
21 0.38828125 0.69453125 0.0609375 0.0703125
22 0.55234375 0.6953125 0.0625 0.0703125
23 0.7328125 0.6953125 0.0625 0.0703125
24 0.225 0.81328125 0.0640625 0.071875
25 0.3921875 0.81484375 0.06875 0.071875