14 0.3390625 0.1078125 0.0265625 0.090625
14 0.7171875 0.11796875 0.025 0.090625
17 0.93125 0.1078125 0.0265625 0.090625
4 0.971875 0.2359375 0.0265625 0.090625
18 0.7890625 0.24296875 0.0234375 0.090625
15 0.71875 0.246875 0.025 0.0875
14 0.7546875 0.24296875 0.0234375 0.0875
18 0.6140625 0.25 0.025 0.090625
24 0.546875 0.246875 0.0234375 0.084375
4 0.478125 0.24296875 0.025 0.090625
13 0.1171875 0.35078125 0.0265625 0.09375
14 0.1515625 0.35390625 0.0265625 0.090625
19 0.1890625 0.35390625 0.0265625 0.09375
4 0.2265625 0.35078125 0.0265625 0.09375
1 0.2640625 0.35078125 0.025 0.09375
14 0.3015625 0.3578125 0.0265625 0.090625
14 0.3390625 0.3578125 0.028125 0.090625
10 0.3734375 0.3609375 0.025 0.090625
10 0.2 0.4859375 0.0265625 0.1046875
1 0.2984375 0.48984375 0.0265625 0.096875
13 0.5828125 0.63203125 0.0265625 0.090625
10 0.196875 0.625 0.0234375 0.090625
8 0.3703125 0.7640625 0.025 0.090625
10 0.5484375 0.7640625 0.025 0.090625
22 0.44375 0.7640625 0.025 0.0875
19 0.6890625 0.7671875 0.0265625 0.090625
18 0.725 0.7671875 0.025 0.0875
8 0.7609375 0.7671875 0.021875 0.0875
3 0.7953125 0.7640625 0.0234375 0.090625
10 0.7578125 0.63515625 0.0234375 0.090625
20 0.6515625 0.63203125 0.0234375 0.0828125
4 0.8328125 0.7640625 0.0265625 0.084375
8 0.9421875 0.7671875 0.021875 0.0828125
14 0.9453125 0.903125 0.0234375 0.0875
11 0.9078125 0.903125 0.021875 0.090625
3 0.8359375 0.90625 0.0234375 0.090625
18 0.65625 0.89921875 0.0234375 0.0875
8 0.6203125 0.903125 0.021875 0.084375
17 0.584375 0.89921875 0.025 0.0875
24 0.409375 0.496875 0.0234375 0.090625