1 0.1234375 0.1875 0.0359375 0.125
8 0.1671875 0.190625 0.0359375 0.1359375
10 0.2125 0.190625 0.040625 0.1359375
4 0.2578125 0.1875 0.0421875 0.1359375
17 0.4390625 0.1875 0.040625 0.1421875
4 0.484375 0.190625 0.040625 0.15
1 0.53125 0.190625 0.0375 0.1359375
4 0.578125 0.19765625 0.040625 0.1390625
0 0.6671875 0.184375 0.0390625 0.1453125
18 0.7640625 0.18046875 0.0421875 0.1390625
7 0.85625 0.184375 0.04375 0.153125
18 0.9484375 0.184375 0.0421875 0.1421875
18 0.2984375 0.35390625 0.040625 0.1359375
19 0.3921875 0.3578125 0.0390625 0.146875
18 0.4390625 0.3609375 0.0421875 0.1328125
8 0.578125 0.35390625 0.040625 0.1421875
6 0.6703125 0.35078125 0.0421875 0.153125
13 0.959375 0.35078125 0.04375 0.1421875
1 0.109375 0.52109375 0.040625 0.1421875
8 0.15625 0.528125 0.040625 0.146875
10 0.203125 0.52109375 0.0421875 0.153125
4 0.253125 0.52421875 0.0484375 0.146875
12 0.4375 0.5171875 0.0390625 0.1390625
0 0.4828125 0.5171875 0.0359375 0.1390625
3 0.5296875 0.52109375 0.0421875 0.1421875
4 0.578125 0.5171875 0.0453125 0.15
11 0.6265625 0.52109375 0.0421875 0.146875
24 0.6734375 0.52421875 0.0390625 0.153125
13 0.721875 0.52421875 0.04375 0.1484375
18 0.8203125 0.52109375 0.0453125 0.153125
7 0.9171875 0.52109375 0.04375 0.15
23 0.1515625 0.7015625 0.0390625 0.153125
18 0.2421875 0.69765625 0.04375 0.1453125
20 0.3390625 0.69765625 0.0453125 0.153125
15 0.384375 0.69453125 0.040625 0.1484375
7 0.434375 0.69765625 0.040625 0.1359375
4 0.4828125 0.69765625 0.0390625 0.1453125
11 0.528125 0.7015625 0.0390625 0.1390625
11 0.5765625 0.7046875 0.0421875 0.1703125
14 0.8203125 0.7046875 0.040625 0.15
11 0.8703125 0.7046875 0.0421875 0.159375
4 0.9234375 0.7046875 0.046875 0.1671875
13 0.2859375 0.88515625 0.0390625 0.1421875
14 0.3359375 0.88515625 0.0390625 0.15625
11 0.38125 0.88203125 0.0390625 0.15
3 0.43125 0.88203125 0.0421875 0.153125
8 0.678125 0.88515625 0.0390625 0.1359375
7 0.7765625 0.8890625 0.0453125 0.15
21 0.9296875 0.8890625 0.0484375 0.159375