3 0.16484375 0.08671875 0.0359375 0.121875
18 0.20234375 0.08359375 0.0375 0.1203125
0 0.2859375 0.07265625 0.034375 0.109375
19 0.32890625 0.07890625 0.034375 0.1390625
22 0.45390625 0.07421875 0.0390625 0.125
19 0.5359375 0.075 0.0390625 0.1375
7 0.62265625 0.07265625 0.0359375 0.1328125
4 0.6625 0.07421875 0.0328125 0.125
7 0.7890625 0.0734375 0.034375 0.1296875
20 0.9109375 0.0796875 0.0390625 0.125
18 0.95 0.07890625 0.0328125 0.11875
6 0.1203125 0.24296875 0.0359375 0.128125
17 0.16015625 0.2375 0.0375 0.128125
24 0.2015625 0.23203125 0.034375 0.1171875
20 0.32578125 0.2265625 0.0359375 0.134375
13 0.36953125 0.22734375 0.0328125 0.125
19 0.4125 0.228125 0.0375 0.1328125
8 0.45546875 0.23046875 0.0359375 0.1203125
11 0.49609375 0.23203125 0.0390625 0.128125
8 0.62109375 0.234375 0.034375 0.134375
5 0.70546875 0.225 0.0359375 0.1375
3 0.7890625 0.22265625 0.0359375 0.1203125
19 0.95390625 0.225 0.0375 0.1265625
3 0.15703125 0.38828125 0.0359375 0.125
17 0.19609375 0.3859375 0.034375 0.1203125
8 0.2375 0.38828125 0.0359375 0.11875
21 0.28203125 0.3875 0.0390625 0.128125
4 0.325 0.39296875 0.034375 0.128125
19 0.45078125 0.37890625 0.040625 0.1453125
14 0.49375 0.3796875 0.034375 0.125
14 0.5359375 0.378125 0.034375 0.1171875
14 0.753125 0.3828125 0.034375 0.1296875
24 0.79375 0.3828125 0.0390625 0.1421875
14 0.87890625 0.38125 0.040625 0.14375
22 0.9625 0.3796875 0.0359375 0.1359375
21 0.15078125 0.54453125 0.0375 0.1328125
19 0.23515625 0.54609375 0.0328125 0.140625
8 0.27734375 0.5453125 0.0375 0.1453125
2 0.4484375 0.54296875 0.0390625 0.1390625
14 0.49453125 0.5375 0.0328125 0.1453125
17 0.53828125 0.54453125 0.0375 0.1375
21 0.58125 0.54609375 0.0390625 0.140625
4 0.62265625 0.5515625 0.0359375 0.1453125
19 0.66875 0.540625 0.0390625 0.1359375
19 0.71171875 0.540625 0.0390625 0.146875
4 0.7546875 0.5484375 0.034375 0.128125
13 0.925 0.53515625 0.0359375 0.1296875
20 0.965625 0.5421875 0.0375 0.1265625
4 0.31796875 0.7015625 0.0375 0.1296875
14 0.36171875 0.7 0.0453125 0.1375
13 0.2296875 0.8734375 0.0375 0.134375
14 0.27265625 0.87109375 0.03125 0.140625
1 0.315625 0.8671875 0.0375 0.1390625
14 0.359375 0.86953125 0.040625 0.1375
3 0.40625 0.87734375 0.0390625 0.1421875
24 0.45234375 0.8671875 0.0421875 0.14375
22 0.540625 0.87109375 0.040625 0.140625
0 0.58515625 0.86953125 0.0359375 0.1375
13 0.63046875 0.87265625 0.0359375 0.14375
19 0.6734375 0.87265625 0.0390625 0.1546875
17 0.85078125 0.8671875 0.0390625 0.14375
8 0.89765625 0.86796875 0.034375 0.1453125
3 0.93671875 0.86953125 0.0390625 0.1375