17 0.259375 0.08359375 0.0375 0.125
18 0.303125 0.08359375 0.034375 0.1109375
11 0.4734375 0.08671875 0.040625 0.125
4 0.5546875 0.09375 0.0375 0.128125
24 0.215625 0.2359375 0.0375 0.125
4 0.2578125 0.23984375 0.0328125 0.125
18 0.3015625 0.23984375 0.0359375 0.11875
22 0.2140625 0.39609375 0.0375 0.125
4 0.2578125 0.403125 0.0328125 0.125
9 0.3453125 0.403125 0.0375 0.125
2 0.43125 0.39921875 0.0359375 0.125
0 0.4734375 0.39921875 0.034375 0.121875
11 0.515625 0.39921875 0.034375 0.121875
11 0.559375 0.403125 0.0375 0.125
18 0.7296875 0.39609375 0.0359375 0.1171875
0 0.771875 0.39609375 0.0375 0.121875
24 0.8171875 0.3921875 0.0375 0.125
7 0.9046875 0.38515625 0.0359375 0.11875
8 0.95 0.378125 0.0375 0.128125
17 0.2578125 0.5625 0.034375 0.125
2 0.4328125 0.565625 0.034375 0.1359375
0 0.475 0.56953125 0.034375 0.146875
13 0.5171875 0.5625 0.0359375 0.1390625
14 0.5578125 0.559375 0.0359375 0.125
13 0.6015625 0.55546875 0.0375 0.128125
24 0.2125 0.721875 0.0375 0.125
4 0.25625 0.721875 0.034375 0.128125
18 0.2984375 0.71875 0.0375 0.121875
1 0.2984375 0.88515625 0.0328125 0.1328125
14 0.34375 0.88515625 0.0359375 0.125
14 0.384375 0.8890625 0.0375 0.128125