17 0.2546875 0.08671875 0.03125 0.121875
12 0.46875 0.0796875 0.03125 0.1140625
11 0.81875 0.07265625 0.034375 0.11875
3 0.8625 0.06953125 0.0296875 0.121875
18 0.125 0.25 0.0328125 0.11875
12 0.1671875 0.253125 0.0328125 0.1171875
0 0.2109375 0.25 0.03125 0.11875
11 0.25625 0.25 0.034375 0.115625
15 0.471875 0.246875 0.0328125 0.1109375
0 0.5125 0.24296875 0.034375 0.1109375
10 0.865625 0.2328125 0.0390625 0.1140625
15 0.0390625 0.41640625 0.0359375 0.125
0 0.08125 0.41640625 0.0359375 0.121875
2 0.125 0.41640625 0.0328125 0.121875
10 0.1703125 0.41328125 0.0359375 0.11875
0 0.34375 0.40625 0.034375 0.1078125
18 0.3859375 0.40625 0.034375 0.1078125
18 0.4296875 0.40625 0.0328125 0.1109375
17 0.515625 0.40625 0.034375 0.121875
3 0.0375 0.5765625 0.0375 0.121875
14 0.08125 0.5765625 0.0359375 0.1109375
14 0.125 0.5796875 0.0375 0.11875
17 0.16875 0.57265625 0.0359375 0.1109375
14 0.5140625 0.565625 0.034375 0.1109375
2 0.55625 0.565625 0.03125 0.1109375
18 0.64375 0.565625 0.034375 0.1140625
11 0.6890625 0.565625 0.034375 0.1140625
8 0.1703125 0.7328125 0.0328125 0.1140625
18 0.2125 0.7359375 0.03125 0.11875
6 0.3 0.7328125 0.0328125 0.11875
17 0.3421875 0.7328125 0.034375 0.11875
19 0.3859375 0.7328125 0.0328125 0.121875
19 0.515625 0.72890625 0.034375 0.1140625
2 0.865625 0.71875 0.034375 0.1078125
6 0.9515625 0.71875 0.0296875 0.1078125
14 0.1703125 0.89609375 0.0328125 0.115625
13 0.2125 0.89609375 0.0328125 0.11875
3 0.690625 0.8890625 0.0328125 0.1109375
17 0.7328125 0.8890625 0.0328125 0.1109375