3 0.1578125 0.05546875 0.028125 0.1078125
10 0.2671875 0.0484375 0.0328125 0.096875
15 0.1921875 0.05546875 0.0328125 0.1078125
19 0.3828125 0.0484375 0.0328125 0.096875
17 0.421875 0.0484375 0.0328125 0.096875
20 0.4625 0.05234375 0.034375 0.1015625
12 0.5015625 0.0484375 0.0328125 0.096875
4 0.58125 0.0484375 0.0359375 0.096875
19 0.621875 0.0484375 0.0375 0.096875
15 0.5421875 0.0484375 0.0375 0.09375
4 0.8640625 0.05546875 0.0328125 0.1109375
4 0.1921875 0.190625 0.0296875 0.1046875
15 0.26875 0.19453125 0.034375 0.1046875
11 0.384375 0.19453125 0.0359375 0.1109375
19 0.7828125 0.2046875 0.03125 0.1046875
11 0.978125 0.20859375 0.025 0.1109375
17 0.346875 0.34375 0.0359375 0.115625
20 0.7015625 0.35390625 0.03125 0.121875
11 0.9 0.3578125 0.0265625 0.11875
15 0.1578125 0.4828125 0.028125 0.1109375
8 0.1921875 0.4859375 0.03125 0.1109375
4 0.2296875 0.4859375 0.034375 0.115625
2 0.2671875 0.4859375 0.03125 0.1109375
4 0.3046875 0.4859375 0.0328125 0.1078125
12 0.540625 0.496875 0.0359375 0.1046875
3 0.61875 0.496875 0.0359375 0.1109375
12 0.9390625 0.503125 0.034375 0.1109375
4 0.9765625 0.50703125 0.03125 0.1078125
3 0.1578125 0.628125 0.0265625 0.1078125
14 0.1921875 0.625 0.03125 0.1078125
4 0.421875 0.63203125 0.0296875 0.096875
0 0.8171875 0.6421875 0.0296875 0.096875
19 0.3046875 0.6390625 0.03125 0.1046875
3 0.384375 0.63203125 0.03125 0.096875
19 0.1578125 0.7671875 0.028125 0.1046875
0 0.228125 0.7640625 0.025 0.0875
12 0.265625 0.778125 0.0296875 0.1015625
18 0.3421875 0.784375 0.03125 0.1046875
7 0.5 0.784375 0.028125 0.096875
14 0.85625 0.80234375 0.03125 0.1015625
1 0.1578125 0.909375 0.028125 0.1046875
11 0.1921875 0.91640625 0.0328125 0.1046875
0 0.2265625 0.909375 0.028125 0.090625
12 0.265625 0.9203125 0.034375 0.1046875
4 0.3046875 0.9203125 0.03125 0.1046875
18 0.41875 0.934375 0.034375 0.1078125
8 0.459375 0.934375 0.034375 0.1046875
3 0.4984375 0.93046875 0.03125 0.096875
13 0.6171875 0.940625 0.0328125 0.1015625
13 0.9296875 0.94453125 0.0328125 0.1015625
4 0.9671875 0.940625 0.03125 0.096875