1 0.128125 0.08671875 0.034375 0.1078125
14 0.16875 0.090625 0.034375 0.11875
17 0.2125 0.08671875 0.0375 0.121875
13 0.259375 0.08359375 0.0390625 0.1328125
0 0.35 0.08359375 0.0375 0.11875
19 0.3921875 0.08359375 0.0390625 0.128125
3 0.525 0.090625 0.0390625 0.125
8 0.571875 0.090625 0.0359375 0.128125
18 0.6125 0.09375 0.0375 0.128125
10 0.6546875 0.0796875 0.03125 0.11875
14 0.7015625 0.08359375 0.0375 0.1390625
3 0.878125 0.090625 0.0390625 0.125
14 0.921875 0.090625 0.0359375 0.13125
13 0.9625 0.096875 0.0375 0.1359375
0 0.125 0.2359375 0.0390625 0.1328125
1 0.1671875 0.24296875 0.040625 0.13125
0 0.2125 0.2359375 0.0375 0.125
19 0.296875 0.24296875 0.040625 0.1390625
23 0.390625 0.24296875 0.04375 0.128125
14 0.525 0.24296875 0.0375 0.1390625
2 0.659375 0.24296875 0.0375 0.134375
17 0.75 0.23984375 0.040625 0.1421875
18 0.8 0.253125 0.0375 0.1421875
4 0.84375 0.253125 0.040625 0.1390625
4 0.1109375 0.41328125 0.0421875 0.153125
0 0.1609375 0.41328125 0.0375 0.1390625
18 0.2046875 0.403125 0.0390625 0.125
18 0.528125 0.39921875 0.040625 0.125
15 0.5734375 0.403125 0.0375 0.13125
17 0.6171875 0.403125 0.040625 0.128125
1 0.803125 0.409375 0.0421875 0.1390625
24 0.9390625 0.409375 0.0453125 0.1390625
10 0.15 0.5765625 0.0421875 0.15
3 0.2421875 0.57265625 0.040625 0.1359375
12 0.384375 0.56953125 0.0390625 0.1328125
13 0.478125 0.57265625 0.0421875 0.1390625
19 0.5734375 0.56953125 0.0390625 0.1359375
17 0.61875 0.5765625 0.0421875 0.125
8 0.6671875 0.57265625 0.0421875 0.128125
2 0.715625 0.57265625 0.0390625 0.1421875
10 0.7640625 0.56953125 0.04375 0.1359375
15 0.903125 0.57265625 0.040625 0.125
20 0.95 0.57265625 0.0390625 0.1359375
22 0.096875 0.746875 0.040625 0.146875
4 0.1421875 0.746875 0.0375 0.153125
17 0.2359375 0.75 0.0390625 0.15
4 0.2875 0.75 0.0421875 0.153125
0 0.3828125 0.75 0.0453125 0.15
11 0.4296875 0.746875 0.0390625 0.159375
11 0.4796875 0.746875 0.040625 0.146875
0 0.5734375 0.753125 0.0390625 0.1453125
1 0.61875 0.75 0.0375 0.1390625
0 0.66875 0.746875 0.0390625 0.146875
3 0.76875 0.75 0.0421875 0.146875
12 0.9140625 0.75 0.040625 0.1421875
11 0.08671875 0.9265625 0.0453125 0.146875
8 0.134375 0.92734375 0.0359375 0.1421875
21 0.1828125 0.93359375 0.04375 0.1328125
4 0.23125 0.93046875 0.0390625 0.1359375
18 0.2796875 0.93046875 0.0453125 0.1390625