0 0.0609375 0.07265625 0.034375 0.11875
13 0.109375 0.07265625 0.0375 0.115625
13 0.471875 0.0796875 0.0375 0.125
19 0.5640625 0.0796875 0.034375 0.125
18 0.0625 0.246875 0.0375 0.125
14 0.1984375 0.246875 0.0359375 0.125
13 0.653125 0.25 0.0359375 0.11875
5 0.7890625 0.25 0.0375 0.121875
4 0.921875 0.25 0.0375 0.125
19 0.965625 0.253125 0.0359375 0.125
18 0.0625 0.4203125 0.0390625 0.11875
8 0.1078125 0.41640625 0.0359375 0.121875
11 0.15625 0.41640625 0.0453125 0.121875
4 0.246875 0.4234375 0.0390625 0.134375
1 0.5640625 0.4234375 0.0390625 0.125
20 0.6078125 0.4203125 0.0359375 0.11875
13 0.653125 0.41640625 0.0375 0.11875
11 0.7453125 0.4203125 0.034375 0.121875
18 0.925 0.4203125 0.0375 0.121875
11 0.0625 0.58671875 0.0390625 0.1328125
4 0.153125 0.590625 0.0375 0.128125
2 0.7875 0.75703125 0.0359375 0.121875
0 0.83125 0.76015625 0.0328125 0.128125
15 0.878125 0.75703125 0.0359375 0.121875
11 0.921875 0.75703125 0.034375 0.121875
10 0.0828125 0.9234375 0.040625 0.125
8 0.2 0.92734375 0.0359375 0.121875