11 0.109375 0.11484375 0.0328125 0.11875
14 0.14375 0.11796875 0.034375 0.1078125
21 0.1828125 0.1078125 0.0296875 0.1046875
4 0.221875 0.10390625 0.034375 0.1109375
6 0.4265625 0.08671875 0.0296875 0.1078125
4 0.5078125 0.08359375 0.0328125 0.1140625
21 0.55 0.08671875 0.0328125 0.11875
0 0.590625 0.08359375 0.0296875 0.1140625
13 0.1421875 0.26015625 0.0296875 0.115625
20 0.18125 0.25703125 0.0296875 0.115625
4 0.2609375 0.25 0.03125 0.115625
19 0.303125 0.246875 0.034375 0.121875
14 0.384375 0.24296875 0.0359375 0.11875
13 0.428125 0.23984375 0.0359375 0.11875
12 0.5515625 0.23984375 0.03125 0.121875
14 0.59375 0.2359375 0.0328125 0.11875
13 0.6375 0.2328125 0.034375 0.121875
21 0.103125 0.4203125 0.028125 0.125
14 0.140625 0.41640625 0.03125 0.1109375
11 0.1796875 0.41328125 0.034375 0.11875
11 0.2203125 0.409375 0.0359375 0.11875
4 0.2609375 0.403125 0.034375 0.1171875
24 0.303125 0.40625 0.034375 0.121875
1 0.34375 0.403125 0.0328125 0.125
0 0.3859375 0.39609375 0.0328125 0.125
11 0.4296875 0.403125 0.03125 0.121875
11 0.46875 0.403125 0.034375 0.125
13 0.1390625 0.57265625 0.0296875 0.1078125
21 0.178125 0.57265625 0.0296875 0.125
4 0.259375 0.559375 0.03125 0.1140625
19 0.3015625 0.5625 0.0328125 0.121875
0 0.3875 0.559375 0.03125 0.1171875
10 0.5125 0.55546875 0.034375 0.1171875
23 0.1 0.72890625 0.0296875 0.1140625
18 0.178125 0.721875 0.0375 0.128125
19 0.3 0.721875 0.0328125 0.121875
15 0.4703125 0.71171875 0.0328125 0.128125
21 0.134375 0.88203125 0.0296875 0.1328125
11 0.1734375 0.88203125 0.034375 0.125
0 0.2171875 0.88203125 0.034375 0.128125
3 0.25625 0.88515625 0.0328125 0.121875
18 0.340625 0.88203125 0.034375 0.125
10 0.3828125 0.88515625 0.0375 0.1359375
24 0.4265625 0.88515625 0.0375 0.1359375
0 0.603125 0.878125 0.034375 0.125
17 0.5125 0.715625 0.03125 0.1140625
8 0.55625 0.71171875 0.0359375 0.128125
21 0.6015625 0.715625 0.040625 0.1359375
0 0.64375 0.715625 0.0359375 0.128125
19 0.6859375 0.715625 0.0375 0.1328125
4 0.7328125 0.715625 0.0375 0.1359375
3 0.8203125 0.715625 0.0390625 0.1484375
4 0.8640625 0.715625 0.0375 0.1484375
19 0.9078125 0.70859375 0.0359375 0.1453125
8 0.9515625 0.71171875 0.0328125 0.153125
11 0.6890625 0.88203125 0.0328125 0.1359375
8 0.734375 0.878125 0.0375 0.1359375
2 0.7796875 0.88203125 0.0359375 0.128125
18 0.865625 0.878125 0.0375 0.125
4 0.9109375 0.875 0.0359375 0.1359375
23 0.6859375 0.55234375 0.0390625 0.1359375
18 0.775 0.55546875 0.0359375 0.1390625
4 0.81875 0.5484375 0.0390625 0.1359375
4 0.8609375 0.5484375 0.0359375 0.1359375
12 0.9046875 0.5453125 0.034375 0.125
18 0.946875 0.54140625 0.0328125 0.11875
2 0.9 0.38203125 0.0390625 0.1359375
0 0.9421875 0.38203125 0.0359375 0.1359375
3 0.7234375 0.22890625 0.0375 0.125
1 0.7609375 0.0765625 0.0328125 0.11875
17 0.8890625 0.065625 0.0375 0.11875
4 0.9296875 0.06953125 0.0328125 0.115625
1 0.96875 0.065625 0.0328125 0.1078125