18 0.3828125 0.08671875 0.0359375 0.1109375
18 0.4734375 0.08671875 0.034375 0.11875
17 0.565625 0.090625 0.0359375 0.121875
18 0.6125 0.09375 0.0359375 0.121875
9 0.7015625 0.09375 0.0359375 0.11875
4 0.7484375 0.096875 0.0359375 0.125
18 0.79375 0.10078125 0.0375 0.121875
18 0.96875 0.1078125 0.0328125 0.11875
3 0.428125 0.253125 0.0359375 0.115625
8 0.4734375 0.2640625 0.034375 0.115625
20 0.65625 0.2640625 0.034375 0.125
15 0.1515625 0.4234375 0.0375 0.1171875
13 0.24375 0.42734375 0.0359375 0.115625
18 0.3359375 0.43046875 0.0359375 0.1171875
11 0.5640625 0.434375 0.034375 0.1109375
11 0.609375 0.434375 0.0359375 0.1109375
20 0.79375 0.4375 0.034375 0.11875
11 0.8390625 0.4375 0.040625 0.11875
3 0.0640625 0.590625 0.0359375 0.128125
14 0.1078125 0.59375 0.0359375 0.1390625
24 0.334375 0.60078125 0.0359375 0.128125
3 0.4265625 0.596875 0.034375 0.128125
20 0.471875 0.596875 0.034375 0.125
19 0.515625 0.596875 0.034375 0.125
24 0.5625 0.60078125 0.034375 0.125
12 0.746875 0.60390625 0.0359375 0.121875
0 0.3796875 0.7671875 0.0328125 0.1140625
8 0.4265625 0.7671875 0.034375 0.11875
1 0.671875 0.77109375 0.0328125 0.1109375
13 0.878125 0.778125 0.0359375 0.121875
6 0.9234375 0.778125 0.03125 0.11875
19 0.065625 0.93046875 0.0328125 0.121875
8 0.10625 0.93046875 0.0328125 0.1109375
11 0.196875 0.940625 0.0390625 0.115625
15 0.3328125 0.940625 0.0375 0.115625
13 0.425 0.940625 0.0375 0.11875
17 0.5171875 0.94453125 0.0359375 0.1109375
0 0.60625 0.940625 0.0328125 0.115625
15 0.6515625 0.940625 0.034375 0.115625
4 0.74375 0.940625 0.034375 0.115625