8 0.12734375 0.10625 0.040625 0.1390625
8 0.43125 0.0953125 0.0375 0.121875
11 0.51015625 0.08671875 0.0375 0.1328125
11 0.55546875 0.084375 0.0421875 0.134375
7 0.640625 0.0828125 0.04375 0.153125
5 0.72578125 0.08046875 0.0375 0.1484375
17 0.81484375 0.07265625 0.0375 0.1203125
7 0.9015625 0.075 0.034375 0.15
14 0.94296875 0.065625 0.0359375 0.1296875
19 0.9828125 0.0734375 0.034375 0.146875
18 0.0359375 0.259375 0.0390625 0.128125
10 0.07890625 0.25546875 0.0390625 0.125
8 0.12109375 0.2546875 0.0359375 0.1296875
5 0.29453125 0.246875 0.0359375 0.13125
8 0.33671875 0.24453125 0.0359375 0.1328125
21 0.38046875 0.25234375 0.0375 0.125
4 0.42265625 0.24609375 0.0390625 0.1359375
12 0.55703125 0.23828125 0.0359375 0.1296875
8 0.59765625 0.23984375 0.0328125 0.128125
11 0.64296875 0.23203125 0.0359375 0.1234375
4 0.690625 0.23203125 0.0359375 0.128125
18 0.73125 0.23828125 0.034375 0.1296875
8 0.1546875 0.409375 0.0375 0.1328125
6 0.2453125 0.4078125 0.0375 0.1421875
14 0.2875 0.409375 0.0421875 0.1328125
19 0.334375 0.403125 0.0375 0.1375
14 0.46875 0.40078125 0.0421875 0.1453125
7 0.55859375 0.40546875 0.0375 0.1328125
14 0.60234375 0.39296875 0.034375 0.128125
19 0.64609375 0.38828125 0.034375 0.125
3 0.7359375 0.39140625 0.0375 0.1421875
14 0.784375 0.3890625 0.03125 0.14375
6 0.828125 0.390625 0.0390625 0.140625
11 0.01796875 0.5796875 0.0359375 0.1359375
4 0.06015625 0.584375 0.0375 0.15625
5 0.10625 0.58359375 0.0390625 0.14375
19 0.1484375 0.57890625 0.0390625 0.1328125
8 0.14453125 0.7484375 0.0390625 0.140625
3 0.23671875 0.75234375 0.0375 0.1359375
8 0.284375 0.75390625 0.0375 0.1453125
3 0.328125 0.74609375 0.0390625 0.1453125
13 0.37421875 0.75078125 0.0390625 0.1390625
19 0.4671875 0.7390625 0.0421875 0.14375
18 0.56328125 0.73828125 0.0375 0.1421875
4 0.6046875 0.7421875 0.0390625 0.1484375
4 0.653125 0.74140625 0.04375 0.1640625
17 0.7953125 0.728125 0.0421875 0.14375
4 0.8421875 0.7328125 0.0421875 0.1484375
1 0.8859375 0.72890625 0.0375 0.15
4 0.93671875 0.7234375 0.040625 0.15625
8 0.04921875 0.9296875 0.0390625 0.140625
19 0.0953125 0.9296875 0.0421875 0.140625
19 0.14140625 0.928125 0.0390625 0.14375
6 0.421875 0.91796875 0.0421875 0.1453125
20 0.4671875 0.9171875 0.046875 0.1546875
24 0.5171875 0.9203125 0.04375 0.15625
18 0.56328125 0.91796875 0.0375 0.15
1 0.7578125 0.91484375 0.046875 0.1515625
17 0.803125 0.909375 0.04375 0.140625
0 0.85078125 0.909375 0.046875 0.1515625