2 0.2703125 0.0625 0.0359375 0.121875
0 0.353125 0.0625 0.0359375 0.115625
18 0.44375 0.065625 0.0421875 0.128125
14 0.5265625 0.06953125 0.0390625 0.1328125
14 0.571875 0.0765625 0.0375 0.128125
13 0.615625 0.08359375 0.0359375 0.1421875
11 0.74375 0.07265625 0.0375 0.128125
6 0.9140625 0.0796875 0.0375 0.125
18 0.0890625 0.221875 0.034375 0.1171875
3 0.13125 0.221875 0.0359375 0.121875
7 0.265625 0.215625 0.0359375 0.128125
21 0.3546875 0.221875 0.0359375 0.121875
4 0.3984375 0.22578125 0.0359375 0.121875
24 0.4421875 0.22890625 0.0359375 0.11875
6 0.259375 0.375 0.0359375 0.128125
3 0.440625 0.38203125 0.0390625 0.1328125
7 0.6640625 0.38203125 0.0390625 0.1390625
14 0.7078125 0.38203125 0.034375 0.1328125
17 0.753125 0.38203125 0.0375 0.128125
13 0.796875 0.38515625 0.0390625 0.1328125
4 0.8859375 0.3890625 0.0359375 0.1359375
5 0.9296875 0.38515625 0.034375 0.1359375
6 0.0703125 0.54140625 0.0390625 0.1390625
14 0.1140625 0.5453125 0.0375 0.1390625
5 0.3 0.53828125 0.0375 0.1328125
6 0.61875 0.55234375 0.0390625 0.1359375
17 0.665625 0.5453125 0.0390625 0.1359375
1 0.7515625 0.5484375 0.034375 0.1328125
7 0.85 0.5484375 0.0390625 0.1421875
14 0.8953125 0.55234375 0.0390625 0.1328125
11 0.9390625 0.5484375 0.0328125 0.1328125
3 0.9828125 0.5484375 0.034375 0.1328125
24 0.2 0.71875 0.0375 0.1328125
5 0.34375 0.715625 0.0375 0.128125
7 0.4390625 0.71875 0.0359375 0.128125
4 0.484375 0.715625 0.0375 0.1328125
17 0.578125 0.71875 0.040625 0.146875
20 0.625 0.71875 0.0390625 0.1390625
13 0.6703125 0.71875 0.040625 0.1359375
15 0.85625 0.71875 0.034375 0.1359375
0 0.9015625 0.721875 0.0359375 0.128125
2 0.9484375 0.721875 0.0390625 0.1328125
15 0.05625 0.89609375 0.0375 0.1359375
10 0.1453125 0.89921875 0.040625 0.1421875
4 0.1953125 0.89921875 0.0390625 0.1421875
24 0.240625 0.903125 0.0359375 0.15
0 0.3875 0.89609375 0.0359375 0.1421875
1 0.4328125 0.89921875 0.034375 0.1390625
0 0.4796875 0.89921875 0.0375 0.1359375
19 0.5765625 0.89921875 0.040625 0.15
5 0.6734375 0.903125 0.040625 0.153125
8 0.721875 0.90625 0.0375 0.15
5 0.7703125 0.90625 0.0375 0.146875
19 0.8171875 0.903125 0.0390625 0.146875
24 0.865625 0.89921875 0.0421875 0.1421875
19 0.9578125 0.903125 0.0359375 0.1421875