17 0.17265625 0.31796875 0.0328125 0.11875
4 0.21015625 0.321875 0.03125 0.1171875
1 0.2484375 0.321875 0.0328125 0.1265625
4 0.28671875 0.32265625 0.03125 0.1296875
0 0.365625 0.31953125 0.03125 0.1125
18 0.44296875 0.3203125 0.034375 0.1171875
7 0.51796875 0.31796875 0.03125 0.1171875
18 0.59296875 0.32421875 0.034375 0.1109375
4 0.63203125 0.32265625 0.034375 0.115625
8 0.2453125 0.459375 0.03125 0.109375
20 0.32421875 0.4578125 0.0375 0.1140625
18 0.36484375 0.459375 0.0328125 0.1140625
20 0.40390625 0.45625 0.0359375 0.11875
24 0.48046875 0.459375 0.0359375 0.1171875
17 0.55703125 0.45859375 0.0359375 0.1203125
8 0.59609375 0.46328125 0.034375 0.121875
3 0.634375 0.4625 0.0328125 0.125
4 0.671875 0.4625 0.03125 0.1203125
3 0.12890625 0.61015625 0.034375 0.11875
14 0.16484375 0.61015625 0.0296875 0.1125
4 0.2015625 0.6078125 0.034375 0.11875
18 0.24140625 0.61328125 0.0359375 0.11875
13 0.28359375 0.60703125 0.03125 0.125
19 0.36171875 0.59921875 0.0390625 0.1328125
7 0.44140625 0.60859375 0.034375 0.1265625
0 0.51796875 0.603125 0.0328125 0.128125
1 0.59921875 0.609375 0.0359375 0.128125
2 0.67421875 0.6140625 0.03125 0.1265625
10 0.7125 0.60859375 0.028125 0.1203125
18 0.12421875 0.75859375 0.034375 0.1203125
20 0.16015625 0.76015625 0.028125 0.11875
15 0.20078125 0.759375 0.034375 0.121875
18 0.31875 0.753125 0.0328125 0.125
2 0.36015625 0.75390625 0.034375 0.11875
24 0.43984375 0.75 0.0359375 0.11875
10 0.678125 0.75390625 0.0359375 0.125
21 0.23515625 0.9078125 0.0328125 0.121875
8 0.275 0.90546875 0.034375 0.125
19 0.31640625 0.90703125 0.0375 0.1359375
12 0.52109375 0.90390625 0.0359375 0.1265625
4 0.5609375 0.903125 0.0359375 0.128125
18 0.78125 0.32734375 0.0328125 0.1171875
16 0.8203125 0.33359375 0.0359375 0.121875
20 0.85625 0.3265625 0.0328125 0.1109375
13 0.81640625 0.18671875 0.0359375 0.1109375
0 0.92265625 0.19609375 0.0328125 0.1171875
11 0.93046875 0.3296875 0.034375 0.1171875
14 0.78671875 0.4609375 0.0359375 0.1171875
13 0.82421875 0.46796875 0.034375 0.1234375
12 0.89765625 0.4640625 0.03125 0.1234375
24 0.9359375 0.47109375 0.034375 0.121875
5 0.79140625 0.60546875 0.0359375 0.1171875
3 0.86640625 0.60625 0.034375 0.1140625
8 0.75625 0.7578125 0.0359375 0.125
5 0.7953125 0.7578125 0.0359375 0.125
17 0.90703125 0.7546875 0.0359375 0.1265625
4 0.94609375 0.75390625 0.0328125 0.125
1 0.98203125 0.75 0.034375 0.11875