14 0.2296875 0.128125 0.034375 0.115625
17 0.35625 0.125 0.034375 0.11875
20 0.4 0.128125 0.034375 0.11875
1 0.4453125 0.128125 0.0375 0.11875
11 0.6140625 0.125 0.0359375 0.1109375
7 0.740625 0.125 0.03125 0.1109375
22 0.8703125 0.128125 0.034375 0.1109375
24 0.10625 0.29140625 0.03125 0.115625
4 0.1453125 0.29140625 0.0328125 0.11875
18 0.3578125 0.28828125 0.034375 0.1078125
4 0.271875 0.284375 0.0296875 0.1046875
4 0.4015625 0.28828125 0.0328125 0.1078125
4 0.44375 0.28828125 0.0328125 0.115625
4 0.5703125 0.28828125 0.03125 0.1109375
5 0.86875 0.284375 0.0296875 0.1078125
4 0.1453125 0.44765625 0.0328125 0.1109375
11 0.1875 0.44765625 0.0328125 0.1109375
0 0.228125 0.44453125 0.0296875 0.1109375
11 0.4015625 0.44453125 0.0375 0.11875
8 0.571875 0.44453125 0.034375 0.1109375
24 0.7859375 0.44453125 0.0328125 0.115625
14 0.9109375 0.44453125 0.0328125 0.1109375
11 0.953125 0.44453125 0.0328125 0.1109375
19 0.1875 0.6078125 0.03125 0.1140625
11 0.5296875 0.60390625 0.0375 0.1140625
8 0.571875 0.60390625 0.0328125 0.11875
4 0.6125 0.60390625 0.0328125 0.11875
14 0.953125 0.60390625 0.0328125 0.11875
1 0.10625 0.7640625 0.034375 0.1109375
13 0.359375 0.7671875 0.0328125 0.11875
8 0.5296875 0.7671875 0.0328125 0.1109375
19 0.74375 0.7640625 0.034375 0.115625
17 0.7859375 0.7671875 0.0328125 0.1140625
13 0.4015625 0.93046875 0.034375 0.11875
22 0.4875 0.93046875 0.0328125 0.115625
14 0.528125 0.93046875 0.03125 0.121875
8 0.6578125 0.93046875 0.03125 0.11875
15 0.7453125 0.92734375 0.0328125 0.115625
21 0.9140625 0.92734375 0.0328125 0.115625