18 0.0390625 0.1109375 0.03125 0.125
20 0.075 0.1078125 0.0359375 0.125
17 0.1125 0.1078125 0.0328125 0.128125
17 0.15 0.1078125 0.040625 0.128125
11 0.621875 0.10390625 0.0359375 0.1328125
8 0.9625 0.11484375 0.0359375 0.121875
17 0.95625 0.27109375 0.0375 0.125
14 0.91875 0.27109375 0.0390625 0.1328125
3 0.878125 0.27421875 0.04375 0.15
24 0.7921875 0.27421875 0.040625 0.125
13 0.7078125 0.27421875 0.040625 0.1359375
0 0.61875 0.278125 0.0359375 0.1390625
14 0.534375 0.2640625 0.0375 0.125
1 0.446875 0.27421875 0.0328125 0.1359375
8 0.2765625 0.27109375 0.034375 0.11875
5 0.2375 0.27421875 0.0390625 0.1390625
12 0.1171875 0.2640625 0.0375 0.125
13 0.040625 0.2671875 0.0375 0.128125
5 0.0421875 0.42734375 0.0375 0.1390625
14 0.08125 0.4234375 0.034375 0.1328125
6 0.1171875 0.4234375 0.0375 0.1390625
4 0.2765625 0.42734375 0.0359375 0.125
23 0.31875 0.43046875 0.034375 0.125
0 0.4046875 0.43046875 0.0359375 0.128125
13 0.446875 0.42734375 0.0375 0.121875
6 0.490625 0.4234375 0.0375 0.125
13 0.61875 0.43046875 0.040625 0.125
4 0.6609375 0.43046875 0.0375 0.128125
22 0.7046875 0.43046875 0.0359375 0.128125
18 0.7453125 0.434375 0.0359375 0.128125
13 0.9484375 0.59375 0.0375 0.125
22 0.909375 0.596875 0.0375 0.128125
0 0.8703125 0.590625 0.040625 0.1390625
3 0.828125 0.59375 0.0375 0.1390625
5 0.74375 0.590625 0.0375 0.125
11 0.61875 0.590625 0.0375 0.1140625
11 0.578125 0.58359375 0.04375 0.125
0 0.4890625 0.58671875 0.040625 0.125
19 0.3640625 0.59375 0.034375 0.11875
8 0.2796875 0.590625 0.040625 0.1453125
13 0.2390625 0.590625 0.0390625 0.1484375
19 0.159375 0.58359375 0.0375 0.15
14 0.0859375 0.72578125 0.03125 0.125
7 0.1984375 0.7359375 0.0359375 0.125
1 0.28125 0.74296875 0.0375 0.121875
4 0.31875 0.73984375 0.0375 0.125
18 0.446875 0.74296875 0.0390625 0.121875
11 0.4875 0.746875 0.0421875 0.125
4 0.5296875 0.746875 0.0421875 0.125
4 0.571875 0.74296875 0.0421875 0.125
15 0.615625 0.746875 0.0390625 0.125
12 0.740625 0.746875 0.0359375 0.121875
14 0.78125 0.746875 0.04375 0.11875
18 0.65625 0.903125 0.04375 0.128125
4 0.6125 0.903125 0.04375 0.128125
8 0.571875 0.89921875 0.0390625 0.1359375
15 0.5328125 0.89921875 0.0375 0.1359375
8 0.40625 0.89609375 0.04375 0.1390625
17 0.3640625 0.89609375 0.0390625 0.1328125
5 0.321875 0.8921875 0.040625 0.128125
10 0.203125 0.88515625 0.0421875 0.1359375
14 0.1640625 0.88203125 0.0375 0.1328125
14 0.125 0.88203125 0.0359375 0.1359375
7 0.090625 0.878125 0.0328125 0.1359375