12 0.28984375 0.07265625 0.0359375 0.1203125
24 0.33671875 0.07265625 0.04375 0.14375
3 0.4265625 0.07421875 0.04375 0.1359375
0 0.471875 0.07421875 0.0375 0.1359375
3 0.51640625 0.0734375 0.0375 0.134375
11 0.60625 0.07109375 0.034375 0.1421875
11 0.65234375 0.0703125 0.0421875 0.1328125
18 0.7390625 0.07421875 0.040625 0.125
10 0.784375 0.07265625 0.0390625 0.128125
8 0.8265625 0.07578125 0.0328125 0.121875
3 0.86875 0.07578125 0.0375 0.121875
14 0.95078125 0.07890625 0.0359375 0.134375
18 0.11484375 0.2578125 0.0390625 0.1359375
20 0.1546875 0.24921875 0.0328125 0.1296875
4 0.24375 0.24453125 0.0375 0.1375
13 0.28359375 0.4125 0.0390625 0.1453125
0 0.33125 0.41328125 0.0421875 0.146875
0 0.38046875 0.4078125 0.040625 0.146875
22 0.42578125 0.4078125 0.0375 0.1359375
22 0.47421875 0.4046875 0.040625 0.153125
22 0.515625 0.40546875 0.0375 0.14375
22 0.5640625 0.4046875 0.0390625 0.134375
4 0.79375 0.40859375 0.0390625 0.1375
24 0.8359375 0.40703125 0.04375 0.134375
1 0.88125 0.40546875 0.034375 0.1375
14 0.9203125 0.40390625 0.0375 0.1390625
3 0.96328125 0.40546875 0.0375 0.1328125
13 0.2828125 0.58671875 0.0390625 0.14375
8 0.42734375 0.5796875 0.0359375 0.1359375
18 0.51796875 0.578125 0.0421875 0.1546875
3 0.56171875 0.5796875 0.0390625 0.146875
19 0.65703125 0.5703125 0.040625 0.1625
14 0.7953125 0.571875 0.04375 0.1296875
4 0.88359375 0.56796875 0.0375 0.1296875
22 0.971875 0.56875 0.040625 0.146875
5 0.09921875 0.7609375 0.0375 0.1375
17 0.1421875 0.7625 0.0359375 0.134375
14 0.18359375 0.76015625 0.0375 0.146875
13 0.23203125 0.7546875 0.040625 0.146875
19 0.2796875 0.753125 0.04375 0.1375
18 0.378125 0.75390625 0.0390625 0.1515625
19 0.471875 0.753125 0.0359375 0.1375
6 0.9328125 0.7484375 0.0375 0.140625
23 0.278125 0.93359375 0.04375 0.1328125
18 0.37734375 0.93203125 0.040625 0.1359375
13 0.46953125 0.928125 0.04375 0.14375
17 0.56796875 0.9265625 0.040625 0.146875
4 0.61640625 0.93046875 0.0390625 0.1390625
24 0.7125 0.925 0.04375 0.15