2 0.1140625 0.11796875 0.0328125 0.1109375
17 0.19375 0.1109375 0.0328125 0.1109375
0 0.2359375 0.11484375 0.0328125 0.1078125
6 0.2765625 0.1109375 0.0375 0.1140625
4 0.3171875 0.11484375 0.0359375 0.121875
18 0.3984375 0.11484375 0.034375 0.1078125
24 0.14375 0.25 0.0375 0.125
1 0.396875 0.25 0.0328125 0.115625
11 0.440625 0.25 0.0375 0.125
0 0.484375 0.253125 0.0359375 0.1171875
2 0.5234375 0.25 0.034375 0.11875
10 0.5640625 0.246875 0.0359375 0.125
3 0.0546875 0.409375 0.034375 0.125
1 0.225 0.403125 0.0375 0.125
0 0.3125 0.403125 0.0375 0.115625
15 0.3984375 0.40625 0.0359375 0.1328125
8 0.4390625 0.40625 0.03125 0.125
11 0.48125 0.40625 0.034375 0.128125
4 0.5234375 0.409375 0.0375 0.1328125
5 0.6984375 0.403125 0.0390625 0.13125
17 0.740625 0.403125 0.0359375 0.125
4 0.7828125 0.41328125 0.040625 0.1359375
11 0.215625 0.565625 0.0328125 0.1328125
6 0.30625 0.5625 0.034375 0.1359375
4 0.35 0.56953125 0.0390625 0.128125
2 0.4390625 0.559375 0.0359375 0.125
14 0.4828125 0.5625 0.0359375 0.121875
3 0.525 0.565625 0.0296875 0.1328125
10 0.7 0.5625 0.0390625 0.125
18 0.746875 0.5625 0.0375 0.125
21 0.8296875 0.565625 0.0359375 0.1359375
2 0.0390625 0.72890625 0.034375 0.11875
4 0.0796875 0.72578125 0.0375 0.125
18 0.2578125 0.72578125 0.0390625 0.1421875
20 0.3453125 0.7328125 0.0359375 0.125
8 0.390625 0.72578125 0.0375 0.1328125
3 0.4390625 0.72890625 0.0375 0.1421875
19 0.528125 0.71875 0.0359375 0.1359375
19 0.6140625 0.72578125 0.040625 0.1359375
0 0.659375 0.721875 0.034375 0.128125
2 0.70625 0.721875 0.0359375 0.125
11 0.75 0.72578125 0.0390625 0.1328125
4 0.7953125 0.72890625 0.0375 0.1328125
19 0.0265625 0.89609375 0.04375 0.1421875
7 0.159375 0.89609375 0.034375 0.1390625
14 0.203125 0.90625 0.034375 0.1359375
14 0.2484375 0.89921875 0.0421875 0.1328125
10 0.2953125 0.903125 0.040625 0.1421875
13 0.48125 0.89921875 0.040625 0.125
4 0.528125 0.89921875 0.0375 0.121875
23 0.5765625 0.89921875 0.040625 0.146875
19 0.6203125 0.89609375 0.0359375 0.1359375
3 0.7578125 0.89921875 0.0359375 0.1328125
24 0.8859375 0.89609375 0.0390625 0.128125