14 0.0234375 0.109375 0.034375 0.1171875
1 0.18125 0.0890625 0.034375 0.1203125
23 0.353125 0.0765625 0.0359375 0.1234375
18 0.43984375 0.075 0.0390625 0.1234375
18 0.525 0.07578125 0.0359375 0.121875
4 0.5640625 0.075 0.034375 0.1203125
21 0.60546875 0.08125 0.0359375 0.121875
19 0.684375 0.08125 0.0328125 0.121875
24 0.7265625 0.08125 0.0375 0.121875
15 0.01640625 0.25703125 0.0328125 0.1203125
14 0.05546875 0.25625 0.0328125 0.1171875
18 0.1375 0.2453125 0.0375 0.1234375
5 0.3109375 0.2328125 0.0328125 0.11875
17 0.35078125 0.23125 0.0359375 0.121875
14 0.39609375 0.23203125 0.0375 0.128125
13 0.43828125 0.2296875 0.0375 0.1171875
19 0.48203125 0.22578125 0.0359375 0.1171875
6 0.1765625 0.40546875 0.0359375 0.1375
3 0.21875 0.40390625 0.0390625 0.1390625
10 0.39609375 0.390625 0.034375 0.1359375
14 0.08671875 0.5703125 0.0359375 0.121875
14 0.13125 0.5703125 0.034375 0.1171875
11 0.17265625 0.56953125 0.0328125 0.1265625
4 0.26171875 0.56484375 0.0359375 0.128125
24 0.35234375 0.559375 0.0375 0.128125
4 0.39609375 0.55859375 0.0390625 0.1375
23 0.61484375 0.546875 0.0390625 0.125
18 0.69921875 0.54765625 0.034375 0.1265625
22 0.17265625 0.734375 0.0390625 0.134375
4 0.2171875 0.7328125 0.0390625 0.1421875
7 0.35078125 0.7203125 0.0390625 0.128125
23 0.44296875 0.7140625 0.040625 0.1296875
24 0.53125 0.709375 0.0390625 0.121875
4 0.575 0.709375 0.0359375 0.140625
3 0.74609375 0.70703125 0.0375 0.134375
15 0.0359375 0.90546875 0.0390625 0.1375
4 0.16796875 0.90625 0.0375 0.1515625
22 0.57890625 0.87890625 0.0359375 0.1390625
14 0.62265625 0.87265625 0.0328125 0.1328125
14 0.66484375 0.871875 0.0359375 0.1421875
3 0.709375 0.875 0.0359375 0.1421875
18 0.753125 0.86640625 0.0390625 0.1375