1 0.125 0.0765625 0.0359375 0.1328125
8 0.1609375 0.0796875 0.0359375 0.1390625
11 0.2 0.08359375 0.0390625 0.1359375
11 0.240625 0.0796875 0.0421875 0.1453125
12 0.925 0.090625 0.0359375 0.125
4 0.9671875 0.09375 0.03125 0.128125
19 0.9671875 0.25703125 0.0359375 0.125
0 0.9296875 0.26015625 0.0375 0.1421875
22 0.6265625 0.24296875 0.0421875 0.13125
17 0.4953125 0.24296875 0.034375 0.121875
14 0.409375 0.23984375 0.0296875 0.115625
17 0.365625 0.23984375 0.0390625 0.125
3 0.1984375 0.246875 0.0390625 0.134375
11 0.159375 0.24296875 0.0390625 0.1390625
14 0.1203125 0.2359375 0.0359375 0.128125
17 0.15625 0.39921875 0.040625 0.1421875
12 0.2375 0.39609375 0.046875 0.1328125
2 0.409375 0.403125 0.0375 0.1359375
11 0.625 0.40625 0.0375 0.1390625
14 0.7546875 0.403125 0.0375 0.1359375
8 0.8 0.40625 0.0390625 0.128125
18 0.8875 0.40625 0.0375 0.15
4 0.9265625 0.5765625 0.0375 0.1359375
0 0.796875 0.57265625 0.0375 0.1359375
14 0.665625 0.565625 0.0390625 0.125
8 0.4515625 0.5625 0.03125 0.1390625
11 0.409375 0.559375 0.0390625 0.1390625
4 0.278125 0.55546875 0.034375 0.128125
3 0.2359375 0.5625 0.0328125 0.1359375
4 0.1515625 0.71875 0.0375 0.1328125
10 0.58125 0.72578125 0.0375 0.1453125
0 0.66875 0.7359375 0.0421875 0.125
11 0.8859375 0.73984375 0.0359375 0.125
11 0.925 0.7359375 0.0359375 0.128125
11 0.9234375 0.8921875 0.03125 0.11875
4 0.88125 0.89609375 0.0359375 0.125
4 0.84375 0.89921875 0.040625 0.1359375
14 0.6234375 0.89609375 0.04375 0.1328125