11 0.0640625 0.09375 0.0375 0.115625
0 0.103125 0.09375 0.0328125 0.121875
13 0.14375 0.09375 0.034375 0.115625
0 0.271875 0.096875 0.0328125 0.115625
6 0.315625 0.10390625 0.0328125 0.11875
4 0.3578125 0.10078125 0.0359375 0.115625
11 0.909375 0.121875 0.0359375 0.1109375
1 0.225 0.253125 0.0328125 0.115625
14 0.35625 0.26015625 0.0328125 0.115625
14 0.3984375 0.2640625 0.0328125 0.11875
12 0.44375 0.2671875 0.0328125 0.1109375
19 0.6984375 0.27109375 0.034375 0.1109375
6 0.8671875 0.27421875 0.03125 0.1109375
7 0.1375 0.41640625 0.0328125 0.121875
5 0.225 0.41640625 0.034375 0.115625
5 0.440625 0.4234375 0.0328125 0.1109375
24 0.56875 0.42734375 0.034375 0.115625
20 0.825 0.4375 0.03125 0.115625
14 0.8671875 0.4375 0.0328125 0.1109375
0 0.3984375 0.4234375 0.03125 0.115625
18 0.396875 0.58359375 0.034375 0.1140625
17 0.48125 0.58359375 0.0328125 0.1140625
14 0.525 0.58671875 0.0328125 0.1140625
2 0.5671875 0.58671875 0.03125 0.1109375
10 0.6109375 0.58671875 0.0328125 0.1140625
24 0.653125 0.590625 0.034375 0.1140625
1 0.7375 0.59375 0.034375 0.115625
19 0.86875 0.596875 0.0359375 0.1140625
12 0.9515625 0.596875 0.0328125 0.1109375
17 0.3078125 0.746875 0.034375 0.121875
19 0.48125 0.746875 0.0328125 0.115625
0 0.5234375 0.74296875 0.03125 0.115625
11 0.6546875 0.75 0.034375 0.1109375
4 0.696875 0.75 0.034375 0.115625
20 0.21875 0.90625 0.0359375 0.121875
14 0.2625 0.90625 0.0359375 0.11875
0 0.56875 0.909375 0.034375 0.1078125
3 0.8703125 0.91640625 0.03125 0.1109375
17 0.95 0.9203125 0.034375 0.11875