17 0.0609375 0.09765625 0.0328125 0.115625
4 0.09765625 0.09375 0.0296875 0.1125
1 0.13984375 0.08984375 0.0328125 0.1203125
4 0.1796875 0.0859375 0.0328125 0.1234375
0 0.2640625 0.075 0.0328125 0.11875
18 0.3515625 0.0640625 0.0359375 0.121875
12 0.39453125 0.0609375 0.0359375 0.121875
8 0.43828125 0.0578125 0.034375 0.115625
11 0.47890625 0.05859375 0.0390625 0.1171875
19 0.17890625 0.2359375 0.034375 0.1203125
12 0.26484375 0.22890625 0.03125 0.1234375
22 0.3515625 0.22265625 0.0328125 0.1296875
14 0.3953125 0.21875 0.034375 0.1296875
13 0.440625 0.21796875 0.0375 0.1421875
19 0.575 0.20546875 0.0359375 0.1296875
0 0.09453125 0.4015625 0.0328125 0.10625
5 0.1328125 0.396875 0.034375 0.1125
4 0.175 0.39453125 0.0328125 0.1140625
19 0.21796875 0.3984375 0.0328125 0.11875
8 0.30859375 0.3890625 0.034375 0.11875
0 0.35078125 0.38671875 0.034375 0.1203125
17 0.4859375 0.38125 0.0359375 0.1359375
4 0.5296875 0.38046875 0.0359375 0.125
1 0.57734375 0.3796875 0.0375 0.1359375
4 0.61953125 0.37578125 0.0390625 0.1359375
12 0.046875 0.57109375 0.0296875 0.11875
18 0.08984375 0.57109375 0.0328125 0.11875
18 0.215625 0.55859375 0.0328125 0.125
20 0.2625 0.5625 0.0328125 0.13125
18 0.3046875 0.5578125 0.0390625 0.1296875
15 0.35 0.55625 0.034375 0.1390625
8 0.39609375 0.5546875 0.0328125 0.13125
2 0.4421875 0.5546875 0.0375 0.1375
8 0.48828125 0.55 0.0359375 0.1390625
18 0.58125 0.54375 0.034375 0.1421875
19 0.04296875 0.7390625 0.034375 0.121875
4 0.0859375 0.740625 0.0328125 0.1390625
2 0.128125 0.7421875 0.0328125 0.1359375
19 0.171875 0.73828125 0.0359375 0.13125
4 0.21640625 0.73359375 0.0375 0.121875
21 0.25859375 0.73359375 0.034375 0.121875
4 0.30625 0.73359375 0.0375 0.1359375
19 0.44296875 0.728125 0.0390625 0.1515625
17 0.4875 0.7203125 0.0421875 0.1421875
4 0.5328125 0.721875 0.0359375 0.140625
1 0.58046875 0.71875 0.0359375 0.1328125
4 0.0421875 0.90859375 0.03125 0.1265625
18 0.16796875 0.909375 0.0359375 0.1296875
15 0.2125 0.91015625 0.0359375 0.1421875
24 0.25703125 0.90859375 0.0375 0.128125
17 0.4890625 0.9046875 0.0375 0.1421875
8 0.53515625 0.90546875 0.040625 0.15
21 0.584375 0.9015625 0.04375 0.15
4 0.63046875 0.90625 0.0390625 0.1453125
1 0.80859375 0.3609375 0.0375 0.13125
17 0.85703125 0.36171875 0.0390625 0.13125
12 0.76875 0.5359375 0.0375 0.13125
0 0.815625 0.5359375 0.034375 0.1375
24 0.86328125 0.5375 0.04375 0.14375
1 0.909375 0.53515625 0.0390625 0.140625
4 0.9546875 0.528125 0.040625 0.1453125
14 0.728125 0.89296875 0.040625 0.14375
13 0.778125 0.8953125 0.0390625 0.1421875