7 0.11875 0.06953125 0.03125 0.115625
5 0.203125 0.06953125 0.0328125 0.11875
3 0.2421875 0.22578125 0.0359375 0.128125
8 0.2859375 0.22890625 0.0375 0.1359375
18 0.3296875 0.22890625 0.0375 0.1328125
10 0.3734375 0.2328125 0.0359375 0.1390625
14 0.421875 0.2328125 0.0390625 0.1421875
18 0.5078125 0.2328125 0.040625 0.128125
3 0.55 0.22890625 0.034375 0.1328125
13 0.6375 0.22890625 0.0375 0.1359375
14 0.68125 0.2359375 0.0296875 0.128125
19 0.859375 0.22890625 0.0390625 0.1328125
8 0.9046875 0.22890625 0.034375 0.1359375
11 0.95 0.22890625 0.0359375 0.1390625
19 0.1921875 0.38515625 0.0375 0.1390625
18 0.1078125 0.3921875 0.0375 0.146875
3 0.328125 0.38203125 0.0375 0.125
0 0.371875 0.3921875 0.0375 0.1390625
13 0.4171875 0.38515625 0.0375 0.1359375
12 0.6421875 0.3890625 0.034375 0.1328125
0 0.684375 0.3890625 0.034375 0.128125
13 0.73125 0.3890625 0.0359375 0.125
20 0.778125 0.38515625 0.0375 0.125
4 0.8203125 0.3890625 0.0375 0.128125
11 0.865625 0.38515625 0.0375 0.1359375
7 0.2328125 0.55234375 0.0375 0.1359375
18 0.325 0.55546875 0.040625 0.1390625
2 0.4171875 0.55234375 0.0375 0.1328125
0 0.459375 0.5484375 0.034375 0.1421875
0 0.6875 0.54140625 0.03125 0.1328125
13 0.7328125 0.55546875 0.040625 0.1421875
13 0.7796875 0.559375 0.0390625 0.1359375
13 0.871875 0.559375 0.040625 0.1390625
2 0.91875 0.5625 0.0390625 0.1359375
1 0.2296875 0.721875 0.0375 0.125
17 0.275 0.72578125 0.0390625 0.128125
14 0.321875 0.72890625 0.0328125 0.1328125
0 0.3671875 0.72578125 0.0359375 0.128125
3 0.415625 0.72578125 0.0375 0.1359375
0 0.50625 0.721875 0.0390625 0.1328125
23 0.5515625 0.72578125 0.0390625 0.128125
4 0.5984375 0.72890625 0.0421875 0.1421875
3 0.7859375 0.72578125 0.0359375 0.125
0 0.8328125 0.721875 0.034375 0.128125
13 0.8796875 0.72890625 0.034375 0.1328125
13 0.9703125 0.72890625 0.0375 0.1359375
17 0.090625 0.89921875 0.0375 0.1390625
4 0.134375 0.89921875 0.034375 0.1359375
12 0.178125 0.903125 0.040625 0.1421875
10 0.2703125 0.903125 0.040625 0.146875
18 0.31875 0.90625 0.0421875 0.146875
3 0.5578125 0.8921875 0.0359375 0.1390625
14 0.6015625 0.89921875 0.0359375 0.15
17 0.6484375 0.903125 0.0375 0.1359375
24 0.696875 0.909375 0.0421875 0.1640625
5 0.7921875 0.90625 0.040625 0.15