5 0.0859375 0.3125 0.028125 0.1109375
8 0.121875 0.3125 0.03125 0.1046875
21 0.159375 0.3125 0.028125 0.115625
4 0.2015625 0.3125 0.0359375 0.1109375
24 0.275 0.3125 0.0375 0.121875
3 0.3546875 0.31953125 0.034375 0.1109375
18 0.3984375 0.31953125 0.034375 0.1109375
19 0.5109375 0.31953125 0.03125 0.115625
11 0.6703125 0.3125 0.0359375 0.128125
15 0.2828125 0.1734375 0.03125 0.1046875
8 0.203125 0.16640625 0.03125 0.1046875
12 0.2421875 0.1734375 0.0328125 0.1109375
14 0.3203125 0.17734375 0.0296875 0.1078125
17 0.359375 0.18046875 0.0328125 0.1140625
19 0.3984375 0.18046875 0.0328125 0.1109375
0 0.4359375 0.1734375 0.0296875 0.1078125
13 0.475 0.18046875 0.0296875 0.1109375
19 0.5125 0.1734375 0.03125 0.115625
13 0.7828125 0.1703125 0.03125 0.1046875
14 0.81875 0.16640625 0.034375 0.115625
12 0.746875 0.309375 0.0359375 0.1171875
0 0.709375 0.3125 0.0296875 0.121875
15 0.7875 0.3125 0.0359375 0.128125
15 0.828125 0.309375 0.0375 0.121875
14 0.8671875 0.309375 0.0296875 0.1046875
17 0.115625 0.4546875 0.03125 0.125
4 0.1578125 0.465625 0.0328125 0.128125
1 0.196875 0.46171875 0.034375 0.125
0 0.3125 0.45859375 0.03125 0.1109375
18 0.39375 0.4546875 0.034375 0.1078125
18 0.5515625 0.4546875 0.028125 0.115625
19 0.7484375 0.46171875 0.03125 0.11875
2 0.8296875 0.45859375 0.034375 0.121875
22 0.19375 0.6078125 0.0328125 0.1140625
4 0.23125 0.6109375 0.0328125 0.1140625
7 0.3125 0.6078125 0.0328125 0.128125
19 0.6328125 0.6078125 0.0328125 0.11875
17 0.7546875 0.60078125 0.0375 0.121875
18 0.8359375 0.6078125 0.034375 0.121875
14 0.9140625 0.596875 0.0359375 0.125
18 0.9421875 0.315625 0.0296875 0.1171875
2 0.06875 0.753125 0.0296875 0.1078125
0 0.10625 0.75703125 0.028125 0.1109375
11 0.14375 0.75703125 0.0328125 0.125
11 0.1859375 0.75703125 0.0359375 0.1171875
5 0.3484375 0.75703125 0.0328125 0.1171875
17 0.390625 0.75703125 0.0390625 0.121875
4 0.434375 0.76015625 0.03125 0.125
8 0.634375 0.75703125 0.0359375 0.1171875
17 0.675 0.75703125 0.034375 0.1171875
3 0.840625 0.76015625 0.0328125 0.128125
23 0.1015625 0.90625 0.0328125 0.11875
18 0.18125 0.91328125 0.0328125 0.128125
11 0.265625 0.909375 0.0375 0.146875
14 0.471875 0.909375 0.034375 0.11875
11 0.5125 0.91328125 0.0359375 0.125
4 0.5546875 0.91328125 0.0359375 0.1359375
3 0.6796875 0.91328125 0.0359375 0.1359375
15 0.8890625 0.91328125 0.0375 0.1328125