18 0.190625 0.1421875 0.0359375 0.1078125
3 0.234375 0.14609375 0.0296875 0.1046875
3 0.35625 0.17734375 0.03125 0.1109375
8 0.39375 0.1875 0.028125 0.1046875
18 0.4328125 0.19765625 0.0265625 0.1046875
19 0.7515625 0.1109375 0.028125 0.1015625
0 0.6109375 0.22890625 0.028125 0.1015625
6 0.6828125 0.23984375 0.028125 0.1046875
17 0.71875 0.23984375 0.0296875 0.096875
8 0.753125 0.24296875 0.028125 0.09375
7 0.965625 0.25 0.0296875 0.1078125
15 0.2296875 0.2953125 0.0328125 0.1109375
8 0.271875 0.30234375 0.034375 0.1109375
2 0.3140625 0.309375 0.03125 0.115625
20 0.353125 0.31953125 0.03125 0.1109375
11 0.39375 0.32265625 0.0296875 0.1078125
18 0.50625 0.346875 0.028125 0.096875
14 0.540625 0.346875 0.028125 0.096875
17 0.578125 0.35390625 0.0296875 0.1015625
19 0.6140625 0.3578125 0.03125 0.09375
19 0.75625 0.371875 0.0328125 0.096875
0 0.790625 0.371875 0.028125 0.096875
11 0.828125 0.371875 0.0328125 0.1015625
10 0.8640625 0.375 0.03125 0.1015625
0 0.2234375 0.440625 0.0296875 0.1078125
11 0.178125 0.440625 0.03125 0.1078125
20 0.390625 0.46875 0.03125 0.1046875
11 0.6125 0.49296875 0.0296875 0.09375
8 0.721875 0.5 0.0265625 0.090625
3 0.8296875 0.51015625 0.0296875 0.096875
4 0.865625 0.51015625 0.028125 0.1015625
11 0.428125 0.61796875 0.028125 0.1015625
11 0.4671875 0.61796875 0.0265625 0.1015625
18 0.653125 0.63203125 0.0265625 0.1015625
18 0.725 0.63515625 0.028125 0.09375
1 0.7984375 0.6421875 0.0296875 0.09375
0 0.8703125 0.6421875 0.0265625 0.090625
19 0.9078125 0.64609375 0.0265625 0.09375
18 0.16875 0.75703125 0.0375 0.1171875
20 0.2125 0.75703125 0.034375 0.1140625
17 0.2578125 0.75703125 0.0328125 0.1140625
4 0.303125 0.75703125 0.03125 0.1140625
18 0.465625 0.77109375 0.0296875 0.096875
18 0.6546875 0.78125 0.028125 0.09375
8 0.728125 0.78125 0.0296875 0.1015625
15 0.8 0.784375 0.0296875 0.096875
17 0.1625 0.9203125 0.0359375 0.121875
14 0.253125 0.9203125 0.034375 0.11875
19 0.465625 0.9234375 0.03125 0.1109375
14 0.5046875 0.9234375 0.0296875 0.1109375
18 0.58125 0.9234375 0.03125 0.1078125
3 0.878125 0.92734375 0.028125 0.1078125
4 0.95 0.92734375 0.0296875 0.1046875