2 0.1953125 0.4546875 0.0375 0.121875
0 0.2375 0.4546875 0.0359375 0.128125
20 0.2765625 0.45859375 0.0328125 0.121875
18 0.31875 0.45859375 0.0359375 0.121875
4 0.3578125 0.45859375 0.0359375 0.128125
21 0.515625 0.46171875 0.0359375 0.11875
4 0.5546875 0.46875 0.034375 0.121875
9 0.63125 0.46875 0.0375 0.125
4 0.671875 0.471875 0.0328125 0.1328125
18 0.8578125 0.47578125 0.0296875 0.1109375
17 0.6296875 0.3265625 0.034375 0.1171875
14 0.5515625 0.31953125 0.0390625 0.1171875
3 0.4 0.315625 0.0328125 0.1171875
18 0.3609375 0.31953125 0.0328125 0.128125
13 0.3609375 0.1734375 0.028125 0.1109375
14 0.321875 0.1703125 0.0328125 0.1109375
13 0.440625 0.184375 0.0328125 0.13125
7 0.515625 0.190625 0.03125 0.121875
4 0.553125 0.19453125 0.034375 0.115625
6 0.6296875 0.19765625 0.034375 0.11875
8 0.6671875 0.19765625 0.0296875 0.125
19 0.7046875 0.2015625 0.0328125 0.11875
24 0.203125 0.159375 0.0359375 0.1109375
24 0.4375 0.46171875 0.0359375 0.11875
0 0.8921875 0.47578125 0.028125 0.1078125
12 0.9265625 0.47890625 0.0359375 0.121875
4 0.9625 0.47890625 0.03125 0.1109375
13 0.91875 0.20859375 0.034375 0.1109375
3 0.0796875 0.30234375 0.03125 0.1109375
24 0.5171875 0.059375 0.0375 0.1109375
3 0.7015625 0.065625 0.0359375 0.128125
13 0.775 0.0765625 0.034375 0.1328125
11 0.9125 0.08359375 0.0328125 0.1140625