22 0.2625 0.21171875 0.034375 0.121875
19 0.7765625 0.30234375 0.0265625 0.103125
14 0.9703125 0.340625 0.0265625 0.1015625
4 0.1359375 0.3296875 0.034375 0.1171875
1 0.2171875 0.340625 0.0375 0.1171875
18 0.4140625 0.375 0.0296875 0.1109375
19 0.525 0.3921875 0.03125 0.1078125
15 0.596875 0.403125 0.0265625 0.1078125
10 0.1296875 0.47890625 0.0375 0.11875
22 0.371875 0.5171875 0.03125 0.1109375
0 0.5203125 0.534375 0.0296875 0.1046875
20 0.7 0.55546875 0.028125 0.1078125
4 0.246875 0.64609375 0.03125 0.128125