8 0.090625 0.2359375 0.0359375 0.11875
11 0.1765625 0.24296875 0.0359375 0.121875
15 0.484375 0.246875 0.034375 0.125
24 0.4 0.403125 0.0328125 0.1171875
11 0.0453125 0.39921875 0.0375 0.121875
2 0.0875 0.56953125 0.034375 0.1171875
19 0.3546875 0.56953125 0.0359375 0.125
13 0.4875 0.565625 0.0375 0.1109375
20 0.696875 0.565625 0.034375 0.125
19 0.6546875 0.72890625 0.034375 0.121875
15 0.571875 0.7328125 0.034375 0.128125
4 0.5265625 0.72890625 0.0359375 0.121875
17 0.4859375 0.72578125 0.0359375 0.1140625
20 0.265625 0.7328125 0.0359375 0.121875
10 0.1515625 0.89609375 0.034375 0.121875