1 0.1234375 0.1859375 0.0359375 0.1265625
8 0.1671875 0.190625 0.0375 0.1359375
10 0.2125 0.18984375 0.0421875 0.1390625
4 0.2578125 0.1859375 0.04375 0.1375
17 0.43828125 0.1890625 0.0421875 0.14375
4 0.48515625 0.190625 0.0421875 0.1515625
1 0.53046875 0.18984375 0.0375 0.1390625
4 0.57734375 0.196875 0.0421875 0.1421875
0 0.6671875 0.18515625 0.040625 0.146875
18 0.76328125 0.1796875 0.04375 0.140625
7 0.85625 0.18359375 0.0453125 0.1546875
18 0.94921875 0.18515625 0.0421875 0.1453125
18 0.2984375 0.353125 0.040625 0.1390625
19 0.39296875 0.3578125 0.040625 0.1484375
18 0.43984375 0.359375 0.04375 0.134375
8 0.578125 0.35390625 0.040625 0.1453125
6 0.67109375 0.34921875 0.0421875 0.1546875
13 0.95859375 0.35078125 0.0453125 0.14375
1 0.11015625 0.51953125 0.0421875 0.14375
8 0.15625 0.52734375 0.0421875 0.146875
10 0.203125 0.521875 0.04375 0.153125
4 0.25390625 0.52421875 0.05 0.146875
12 0.43828125 0.51875 0.040625 0.140625
0 0.4828125 0.51875 0.0359375 0.140625
3 0.5296875 0.5203125 0.04375 0.1453125
4 0.578125 0.51796875 0.0453125 0.1515625
11 0.62734375 0.52265625 0.04375 0.1484375
24 0.6734375 0.52421875 0.040625 0.15625
13 0.721875 0.52578125 0.0453125 0.15
18 0.81953125 0.51953125 0.046875 0.1546875
7 0.91640625 0.5203125 0.0453125 0.1515625
23 0.1515625 0.7015625 0.040625 0.15625
18 0.2421875 0.69765625 0.04375 0.1484375
20 0.33828125 0.69765625 0.046875 0.15625
15 0.38515625 0.6953125 0.0421875 0.15
7 0.434375 0.69765625 0.040625 0.1375
4 0.48359375 0.69921875 0.040625 0.146875
11 0.52890625 0.7015625 0.0390625 0.140625
11 0.5765625 0.70390625 0.0421875 0.171875
14 0.8203125 0.7046875 0.0421875 0.153125
11 0.8703125 0.70390625 0.04375 0.1609375
4 0.92265625 0.7046875 0.046875 0.16875
13 0.28515625 0.884375 0.040625 0.1453125
14 0.3359375 0.884375 0.040625 0.15625
11 0.38125 0.8828125 0.0390625 0.153125
3 0.43046875 0.88125 0.04375 0.15625
8 0.678125 0.8859375 0.040625 0.1359375
7 0.7765625 0.88828125 0.046875 0.153125
21 0.9296875 0.88984375 0.05 0.1609375