6 0.178125 0.05234375 0.034375 0.1046875
3 0.29375 0.05234375 0.0328125 0.1015625
0 0.3328125 0.05234375 0.0265625 0.1015625
8 0.490625 0.05546875 0.03125 0.1015625
8 0.5296875 0.05234375 0.03125 0.1046875
5 0.6078125 0.05234375 0.0328125 0.1015625
19 0.0515625 0.30546875 0.0328125 0.11875
8 0.0890625 0.30234375 0.0328125 0.115625
11 0.128125 0.30546875 0.03125 0.11875
11 0.16875 0.30234375 0.0390625 0.125
0 0.25 0.30546875 0.03125 0.115625
5 0.2890625 0.30234375 0.0328125 0.115625
18 0.371875 0.2984375 0.0328125 0.115625
20 0.4109375 0.30234375 0.034375 0.115625
15 0.4515625 0.2984375 0.0328125 0.11875
15 0.490625 0.29140625 0.034375 0.121875
7 0.778125 0.29140625 0.0359375 0.128125
4 0.815625 0.29140625 0.0328125 0.125
11 0.0453125 0.44765625 0.0390625 0.121875
1 0.246875 0.44453125 0.0359375 0.11875
20 0.2875 0.44765625 0.0328125 0.128125
14 0.3265625 0.44453125 0.0359375 0.121875
24 0.3703125 0.44765625 0.03125 0.128125
22 0.61875 0.44453125 0.034375 0.11875
4 0.65625 0.44453125 0.03125 0.11875
17 0.7375 0.44453125 0.0359375 0.11875
4 0.7796875 0.440625 0.0359375 0.125
13 0.0375 0.596875 0.0328125 0.121875
2 0.0796875 0.60078125 0.03125 0.121875
19 0.3265625 0.60078125 0.0328125 0.1171875
13 0.45 0.60390625 0.03125 0.11875
19 0.6171875 0.59375 0.034375 0.115625
20 0.659375 0.59375 0.0359375 0.11875
17 0.7 0.596875 0.03125 0.121875
13 0.74375 0.59375 0.0328125 0.115625
13 0.0328125 0.7640625 0.0359375 0.1359375
13 0.1125 0.75703125 0.0296875 0.128125
0 0.1515625 0.75703125 0.03125 0.125
19 0.1953125 0.76015625 0.0328125 0.128125
20 0.2390625 0.76015625 0.0359375 0.128125
17 0.2796875 0.75703125 0.0359375 0.125
24 0.3640625 0.75703125 0.0359375 0.1359375
17 0.45 0.75703125 0.0375 0.125
4 0.4921875 0.75 0.0359375 0.1328125
15 0.5359375 0.753125 0.0375 0.1328125
19 0.6203125 0.753125 0.0375 0.128125
2 0.19375 0.9234375 0.0328125 0.125
17 0.2765625 0.9203125 0.0359375 0.1359375
8 0.321875 0.9203125 0.034375 0.1328125
4 0.3625 0.9234375 0.0390625 0.1328125
14 0.5359375 0.9234375 0.0359375 0.121875
22 0.625 0.9203125 0.0390625 0.128125
0 0.665625 0.91640625 0.0328125 0.1359375
13 0.7078125 0.9203125 0.034375 0.121875
19 0.7515625 0.91328125 0.034375 0.121875