18 0.0671875 0.10390625 0.0296875 0.1078125
2 0.0984375 0.096875 0.028125 0.1109375
4 0.165625 0.0796875 0.028125 0.1046875
13 0.1609375 0.20859375 0.0328125 0.115625
4 0.1984375 0.20859375 0.0328125 0.115625
23 0.2359375 0.21171875 0.0328125 0.11875
19 0.275 0.2046875 0.0328125 0.11875
22 0.35 0.20859375 0.0359375 0.125
4 0.3890625 0.20859375 0.0328125 0.115625
4 0.4265625 0.21171875 0.028125 0.11875
10 0.4625 0.21171875 0.034375 0.11875
12 0.65 0.2015625 0.0375 0.121875
8 0.5765625 0.20859375 0.034375 0.121875
6 0.7234375 0.20859375 0.034375 0.11875
14 0.7625 0.20859375 0.034375 0.115625
18 0.9453125 0.20859375 0.0296875 0.11875
4 0.075 0.3578125 0.028125 0.115625
3 0.1234375 0.35390625 0.0328125 0.11875
24 0.1609375 0.35390625 0.0296875 0.1046875
1 0.1578125 0.48984375 0.03125 0.1109375
24 0.1953125 0.49296875 0.028125 0.11875
4 0.2328125 0.49296875 0.03125 0.125
1 0.309375 0.4859375 0.028125 0.11875
24 0.3515625 0.48984375 0.0359375 0.1109375
4 0.3921875 0.4859375 0.0296875 0.115625
0 0.4625 0.4828125 0.03125 0.1328125
15 0.503125 0.4859375 0.0328125 0.115625
15 0.5421875 0.4828125 0.03125 0.1109375
11 0.5828125 0.48984375 0.0359375 0.11875
4 0.6234375 0.4828125 0.0375 0.125
15 0.6953125 0.4859375 0.0359375 0.11875
8 0.7359375 0.4859375 0.03125 0.115625
4 0.771875 0.4828125 0.0296875 0.1140625