2 0.1625 0.0796875 0.034375 0.11875
19 0.25625 0.08671875 0.0390625 0.115625
24 0.346875 0.096875 0.034375 0.121875
4 0.390625 0.10390625 0.0359375 0.1109375
13 0.478125 0.1109375 0.0359375 0.1140625
15 0.7703125 0.128125 0.0359375 0.115625
4 0.728125 0.128125 0.034375 0.115625
4 0.6859375 0.128125 0.03125 0.121875
18 0.9359375 0.13515625 0.0359375 0.1109375
14 0.934375 0.2953125 0.034375 0.115625
20 0.684375 0.44453125 0.034375 0.1109375
11 0.728125 0.440625 0.0359375 0.115625
14 0.9765625 0.4515625 0.034375 0.1109375
9 0.9359375 0.4515625 0.0328125 0.1140625
0 0.2015625 0.590625 0.034375 0.1171875
22 0.475 0.59375 0.0359375 0.11875
17 0.5171875 0.596875 0.034375 0.1140625
6 0.64375 0.596875 0.0328125 0.1140625
0 0.203125 0.76015625 0.0390625 0.115625
11 0.2484375 0.76015625 0.034375 0.11875
6 0.5171875 0.75703125 0.0328125 0.1171875
19 0.684375 0.75703125 0.034375 0.1109375
0 0.7671875 0.75703125 0.034375 0.1140625
19 0.9734375 0.76015625 0.034375 0.1109375
4 0.6421875 0.9203125 0.034375 0.125