5 0.10390625 0.0984375 0.0328125 0.1171875
17 0.14140625 0.09609375 0.0390625 0.125
4 0.18984375 0.09375 0.0328125 0.1140625
4 0.2265625 0.09609375 0.0328125 0.1140625
7 0.31015625 0.09765625 0.03125 0.115625
14 0.35078125 0.10078125 0.034375 0.1234375
19 0.39375 0.103125 0.034375 0.121875
3 0.47578125 0.1015625 0.034375 0.11875
14 0.51796875 0.10390625 0.0328125 0.1125
6 0.56171875 0.103125 0.0359375 0.121875
18 0.6015625 0.103125 0.034375 0.1140625
8 0.85234375 0.1078125 0.034375 0.1203125
3 0.89375 0.1046875 0.034375 0.11875
4 0.934375 0.1078125 0.034375 0.1203125
0 0.978125 0.109375 0.040625 0.1171875
18 0.0953125 0.2484375 0.0375 0.128125
20 0.13828125 0.25078125 0.0359375 0.1265625
15 0.17890625 0.24765625 0.0375 0.1265625
15 0.22109375 0.2484375 0.034375 0.1234375
14 0.2640625 0.24765625 0.0328125 0.1265625
18 0.3078125 0.25234375 0.034375 0.125
11 0.475 0.246875 0.0359375 0.13125
4 0.51796875 0.25703125 0.0359375 0.1296875
13 0.60390625 0.253125 0.0359375 0.121875
11 0.728125 0.24921875 0.0390625 0.1421875
19 0.85625 0.25390625 0.034375 0.128125
3 0.896875 0.25 0.0359375 0.1328125
14 0.93984375 0.2578125 0.0359375 0.1359375
14 0.98125 0.25703125 0.034375 0.1234375
22 0.0890625 0.403125 0.0390625 0.1265625
4 0.1296875 0.403125 0.0375 0.1375
3 0.21640625 0.40234375 0.0375 0.13125
14 0.2578125 0.403125 0.0328125 0.1265625
13 0.30078125 0.40703125 0.0375 0.134375
19 0.3890625 0.4078125 0.040625 0.1359375
0 0.475 0.41171875 0.0359375 0.1265625
11 0.5171875 0.4125 0.0359375 0.140625
17 0.55859375 0.4078125 0.0390625 0.125
1 0.7328125 0.41015625 0.0359375 0.1296875
23 0.8203125 0.4109375 0.0359375 0.1375
18 0.90234375 0.41015625 0.0359375 0.1296875
1 0.9828125 0.409375 0.034375 0.128125
17 0.38515625 0.56484375 0.0375 0.128125
14 0.515625 0.56484375 0.0390625 0.128125
8 0.56015625 0.56484375 0.0359375 0.128125
2 0.6015625 0.56953125 0.034375 0.1265625
4 0.64453125 0.5703125 0.0359375 0.1328125
18 0.69140625 0.571875 0.0390625 0.1421875
6 0.06640625 0.89609375 0.0390625 0.1421875
7 0.15625 0.89453125 0.0390625 0.14375
8 0.2015625 0.89609375 0.0390625 0.140625
10 0.24453125 0.89375 0.0359375 0.13125
18 0.56015625 0.89765625 0.0359375 0.1375
13 0.60390625 0.9 0.040625 0.14375