15 0.209375 0.08359375 0.0296875 0.090625
12 0.278125 0.0796875 0.028125 0.090625
8 0.3140625 0.0796875 0.0296875 0.09375
18 0.346875 0.08359375 0.03125 0.090625
13 0.41875 0.08359375 0.03125 0.090625
15 0.6265625 0.08359375 0.0296875 0.096875
20 0.6625 0.08671875 0.03125 0.096875
1 0.6953125 0.08359375 0.0265625 0.09375
11 0.7296875 0.08671875 0.03125 0.090625
8 0.765625 0.08671875 0.028125 0.090625
11 0.2078125 0.20859375 0.0296875 0.096875
0 0.24375 0.2046875 0.0296875 0.09375
2 0.346875 0.2046875 0.03125 0.09375
8 0.3125 0.2046875 0.03125 0.0875
14 0.1734375 0.20859375 0.0296875 0.1015625
18 0.1078125 0.215625 0.0296875 0.096875
2 0.4875 0.215625 0.0296875 0.096875
13 0.1046875 0.34375 0.0328125 0.09375
4 0.1375 0.34375 0.025 0.1015625
22 0.171875 0.340625 0.0328125 0.1015625
24 0.2765625 0.34375 0.0328125 0.09375
14 0.3109375 0.340625 0.028125 0.1015625