14 0.1015625 0.08671875 0.0375 0.128125
21 0.14375 0.08359375 0.0359375 0.1109375
6 0.3609375 0.08359375 0.0359375 0.11875
17 0.403125 0.08359375 0.0328125 0.125
4 0.4484375 0.08359375 0.0375 0.11875
11 0.5328125 0.08359375 0.0375 0.125
18 0.6625 0.0796875 0.0375 0.121875
8 0.75 0.08359375 0.03125 0.121875
2 0.7890625 0.08359375 0.034375 0.11875
24 0.83125 0.090625 0.0375 0.13125
17 0.0953125 0.2359375 0.0359375 0.1359375
5 0.1828125 0.2328125 0.03125 0.1421875
11 0.221875 0.2328125 0.0359375 0.128125
4 0.26875 0.23984375 0.0375 0.1328125
4 0.3125 0.23984375 0.0375 0.128125
19 0.3578125 0.2359375 0.0359375 0.128125
19 0.5328125 0.2359375 0.0375 0.11875
17 0.578125 0.2328125 0.0359375 0.1140625
24 0.6234375 0.2328125 0.0390625 0.125
8 0.6671875 0.22890625 0.0328125 0.128125
0 0.8390625 0.2328125 0.034375 0.1140625
5 0.878125 0.2328125 0.0328125 0.11875
12 0.0421875 0.39609375 0.040625 0.121875
7 0.175 0.3890625 0.034375 0.128125
4 0.2234375 0.39921875 0.0375 0.1421875
19 0.3109375 0.39609375 0.0375 0.1328125
14 0.35625 0.39609375 0.0359375 0.134375
14 0.4015625 0.3890625 0.0375 0.1328125
10 0.4453125 0.3890625 0.0375 0.128125
12 0.534375 0.3890625 0.0359375 0.125
24 0.58125 0.3921875 0.0421875 0.125
12 0.7140625 0.3890625 0.0359375 0.1328125
0 0.803125 0.3890625 0.034375 0.121875
11 0.8453125 0.3890625 0.040625 0.1328125
6 0.9265625 0.3921875 0.034375 0.125
12 0.078125 0.559375 0.0421875 0.1390625
14 0.16875 0.55234375 0.0390625 0.1359375
24 0.2140625 0.55546875 0.0421875 0.1328125
4 0.4 0.55546875 0.0390625 0.1421875
13 0.490625 0.55234375 0.0375 0.1328125
8 0.71875 0.5484375 0.0359375 0.1328125
0 0.025 0.72578125 0.034375 0.1359375
11 0.0671875 0.72890625 0.0390625 0.1359375
11 0.1140625 0.72578125 0.04375 0.1453125
8 0.2109375 0.72890625 0.0390625 0.128125
2 0.2578125 0.72890625 0.0375 0.1328125
20 0.396875 0.72890625 0.0390625 0.1421875
15 0.44375 0.721875 0.0390625 0.1390625
13 0.6296875 0.721875 0.0375 0.1328125
0 0.5859375 0.721875 0.0375 0.1359375
8 0.8203125 0.72890625 0.040625 0.1359375
19 0.1078125 0.909375 0.0421875 0.1359375
17 0.203125 0.91328125 0.0390625 0.1421875
4 0.2515625 0.91328125 0.0390625 0.146875
12 0.296875 0.90625 0.04375 0.146875
4 0.346875 0.91328125 0.0375 0.1421875
12 0.3953125 0.90625 0.0390625 0.1421875
1 0.4421875 0.90625 0.04375 0.15
13 0.5875 0.90625 0.0390625 0.159375
14 0.6359375 0.903125 0.0421875 0.15