1 0.0484375 0.13203125 0.0359375 0.128125
11 0.0953125 0.13203125 0.0421875 0.128125
0 0.1375 0.128125 0.0375 0.128125
13 0.184375 0.128125 0.0390625 0.125
10 0.234375 0.128125 0.040625 0.125
12 0.328125 0.13203125 0.0390625 0.13125
3 0.4234375 0.13203125 0.0390625 0.121875
7 0.6125 0.1390625 0.0375 0.1390625
4 0.659375 0.13515625 0.0390625 0.1359375
18 0.7546875 0.1390625 0.0375 0.11875
3 0.8015625 0.1390625 0.0359375 0.125
7 0.8921875 0.1421875 0.0359375 0.1328125
4 0.9375 0.14609375 0.034375 0.1328125
3 0.0484375 0.30546875 0.0359375 0.121875
17 0.090625 0.30546875 0.0359375 0.121875
12 0.184375 0.30546875 0.0375 0.1328125
13 0.471875 0.315625 0.0359375 0.13125
7 0.5640625 0.315625 0.0359375 0.125
4 0.6125 0.315625 0.0359375 0.128125
22 0.7078125 0.3125 0.0375 0.125
13 0.8 0.315625 0.0359375 0.125
19 0.846875 0.315625 0.0359375 0.121875
4 0.5640625 0.4859375 0.034375 0.121875
11 0.6109375 0.48984375 0.0359375 0.11875
11 0.659375 0.48984375 0.034375 0.115625
12 0.8015625 0.48984375 0.034375 0.11875
3 0.184375 0.66328125 0.0375 0.1328125
8 0.2328125 0.659375 0.0375 0.1359375
18 0.2796875 0.66328125 0.040625 0.125
14 0.375 0.66328125 0.0390625 0.128125
22 0.51875 0.66328125 0.034375 0.121875
11 0.70625 0.66328125 0.040625 0.125
18 0.9375 0.66640625 0.034375 0.121875
17 0.0921875 0.83359375 0.0375 0.125
4 0.1375 0.83671875 0.0359375 0.1328125
4 0.184375 0.83671875 0.0390625 0.1328125
14 0.278125 0.840625 0.0375 0.128125
17 0.328125 0.84375 0.0390625 0.1359375
5 0.421875 0.840625 0.0390625 0.1328125
17 0.5171875 0.83671875 0.0375 0.125
3 0.6578125 0.840625 0.0375 0.128125
18 0.7046875 0.840625 0.0359375 0.128125