19 0.2015625 0.05234375 0.0328125 0.1046875
14 0.28125 0.059375 0.03125 0.1078125
5 0.4359375 0.0765625 0.028125 0.096875
0 0.61875 0.10390625 0.03125 0.1046875
23 0.0765625 0.18046875 0.034375 0.1109375
18 0.2015625 0.19453125 0.0328125 0.1046875
12 0.3203125 0.2046875 0.034375 0.1046875
7 0.5078125 0.22890625 0.028125 0.1046875
14 0.075 0.3296875 0.0328125 0.1109375
8 0.3203125 0.35078125 0.0296875 0.1015625
7 0.1578125 0.4828125 0.0296875 0.096875
8 0.240625 0.4828125 0.0296875 0.09375
24 0.5765625 0.503125 0.0265625 0.096875
19 0.7171875 0.51015625 0.028125 0.096875
0 0.0328125 0.625 0.0296875 0.1078125
2 0.075 0.625 0.03125 0.1078125
11 0.1171875 0.625 0.034375 0.1109375
4 0.1578125 0.628125 0.0296875 0.1078125
22 0.35625 0.63203125 0.03125 0.1015625
0 0.3921875 0.63203125 0.0296875 0.1015625
11 0.4328125 0.63203125 0.0328125 0.1046875
11 0.4703125 0.63515625 0.0328125 0.1046875
4 0.5390625 0.6390625 0.0296875 0.1046875
24 0.5734375 0.6390625 0.028125 0.096875
24 0.7515625 0.64609375 0.028125 0.1015625
14 0.196875 0.9203125 0.028125 0.1109375
4 0.353125 0.91640625 0.0265625 0.115625
0 0.5390625 0.909375 0.0296875 0.1046875
11 0.571875 0.909375 0.028125 0.1046875
19 0.609375 0.91328125 0.028125 0.1046875