15 0.11875 0.10078125 0.034375 0.121875
8 0.1578125 0.10390625 0.034375 0.121875
4 0.1984375 0.10078125 0.0375 0.121875
2 0.240625 0.10078125 0.0390625 0.11875
4 0.284375 0.096875 0.040625 0.121875
12 0.546875 0.11484375 0.034375 0.1359375
3 0.6328125 0.11484375 0.0375 0.125
8 0.865625 0.121875 0.040625 0.121875
12 0.965625 0.13515625 0.034375 0.11875
3 0.11875 0.25703125 0.034375 0.1171875
14 0.15625 0.26015625 0.0328125 0.121875
19 0.2828125 0.27109375 0.034375 0.1109375
3 0.371875 0.278125 0.0359375 0.11875
4 0.4140625 0.278125 0.034375 0.121875
21 0.54375 0.278125 0.034375 0.11875
0 0.8421875 0.278125 0.03125 0.1046875
19 0.1171875 0.4203125 0.0328125 0.125
0 0.196875 0.4234375 0.0328125 0.103125
12 0.2390625 0.4234375 0.0328125 0.1109375
18 0.328125 0.434375 0.034375 0.1078125
7 0.5015625 0.434375 0.034375 0.1078125
14 0.88125 0.44765625 0.034375 0.1078125
1 0.115625 0.5796875 0.0328125 0.1140625
11 0.15625 0.58359375 0.0375 0.11875
0 0.1953125 0.5765625 0.0328125 0.1046875
12 0.240625 0.58359375 0.0375 0.121875
4 0.2828125 0.58671875 0.040625 0.121875
18 0.4125 0.59375 0.0375 0.125
8 0.4578125 0.58671875 0.0359375 0.1109375
3 0.4984375 0.590625 0.0359375 0.1140625
24 0.1578125 0.746875 0.0375 0.121875
24 0.4125 0.753125 0.034375 0.121875
2 0.540625 0.753125 0.0359375 0.1078125
4 0.66875 0.7640625 0.0328125 0.11875
2 0.79375 0.75703125 0.03125 0.1109375
15 0.875 0.7640625 0.0328125 0.115625
7 0.1203125 0.89609375 0.0375 0.121875
3 0.2 0.903125 0.034375 0.1109375