2 0.1953125 0.4546875 0.0375 0.1234375
0 0.2375 0.4546875 0.0359375 0.13125
20 0.2765625 0.45703125 0.034375 0.1234375
18 0.31875 0.46015625 0.0375 0.1234375
4 0.3578125 0.4578125 0.0375 0.13125
21 0.51640625 0.46171875 0.0375 0.121875
4 0.55390625 0.46875 0.0359375 0.125
9 0.63125 0.46953125 0.0390625 0.1265625
4 0.67265625 0.4734375 0.034375 0.134375
18 0.85859375 0.47421875 0.03125 0.1140625
17 0.6296875 0.328125 0.0359375 0.121875
14 0.5515625 0.31953125 0.040625 0.1203125
3 0.4 0.315625 0.0328125 0.11875
18 0.3609375 0.31796875 0.0328125 0.1296875
13 0.36171875 0.171875 0.0296875 0.1140625
14 0.32109375 0.16875 0.034375 0.1140625
13 0.44140625 0.184375 0.034375 0.134375
7 0.515625 0.18984375 0.0328125 0.121875
4 0.55390625 0.19296875 0.034375 0.1171875
6 0.6296875 0.196875 0.0359375 0.1203125
8 0.6671875 0.19765625 0.03125 0.1265625
19 0.7046875 0.2 0.034375 0.1203125
24 0.20234375 0.1609375 0.0375 0.1140625
24 0.4375 0.46171875 0.0359375 0.121875
0 0.89140625 0.47734375 0.0296875 0.1078125
12 0.92734375 0.47890625 0.0359375 0.121875
4 0.9625 0.4796875 0.0328125 0.1140625
13 0.91796875 0.21015625 0.0359375 0.1125
3 0.0796875 0.30234375 0.0328125 0.1140625
24 0.5171875 0.0578125 0.0390625 0.1140625
3 0.70234375 0.06640625 0.0359375 0.1328125
13 0.77421875 0.0765625 0.0359375 0.134375
11 0.91171875 0.0828125 0.034375 0.11875