6 0.10546875 0.065625 0.034375 0.13125
2 0.19140625 0.0640625 0.0375 0.1265625
17 0.23203125 0.065625 0.0359375 0.1296875
14 0.2734375 0.06328125 0.0359375 0.125
18 0.315625 0.06484375 0.0359375 0.1296875
18 0.35703125 0.0609375 0.0359375 0.121875
2 0.44140625 0.0609375 0.034375 0.121875
19 0.528125 0.06015625 0.034375 0.1203125
17 0.5703125 0.05859375 0.040625 0.1171875
24 0.615625 0.06015625 0.0390625 0.1203125
6 0.10078125 0.21484375 0.0359375 0.1390625
8 0.18671875 0.2171875 0.0328125 0.1375
2 0.22890625 0.21484375 0.034375 0.1171875
4 0.27265625 0.2140625 0.034375 0.1375
18 0.35625 0.21484375 0.034375 0.128125
10 0.396875 0.2125 0.0359375 0.1296875
0 0.440625 0.21015625 0.0359375 0.134375
19 0.48359375 0.20859375 0.0390625 0.1375
6 0.09375 0.371875 0.0390625 0.1421875
7 0.18125 0.37734375 0.0375 0.1421875
14 0.22421875 0.37265625 0.0375 0.1421875
12 0.26640625 0.37265625 0.034375 0.1328125
4 0.30859375 0.37734375 0.0375 0.1296875
8 0.43984375 0.37265625 0.0328125 0.1328125
5 0.4828125 0.3703125 0.0328125 0.1328125
24 0.56796875 0.3703125 0.0390625 0.1328125
7 0.703125 0.3609375 0.0375 0.1328125
0 0.79375 0.35625 0.0390625 0.1390625
2 0.8875 0.353125 0.0359375 0.1328125
14 0.93203125 0.353125 0.0421875 0.1375
11 0.9796875 0.35859375 0.0390625 0.1484375
14 0.34921875 0.7015625 0.0375 0.134375
18 0.3953125 0.69921875 0.0375 0.1359375
14 0.528125 0.703125 0.0390625 0.1375
22 0.6203125 0.703125 0.0390625 0.1375
19 0.7109375 0.69765625 0.0375 0.1375
8 0.80546875 0.7046875 0.0375 0.1359375
2 0.8515625 0.70390625 0.0375 0.1453125
4 0.896875 0.7 0.0390625 0.140625
7 0.08515625 0.8765625 0.0359375 0.1328125
14 0.12890625 0.8796875 0.0375 0.1359375
2 0.1734375 0.87890625 0.0328125 0.128125
10 0.21640625 0.87890625 0.0390625 0.13125
4 0.2625 0.88203125 0.0375 0.140625
24 0.30625 0.88125 0.0390625 0.1375
8 0.44375 0.87734375 0.0375 0.13125
2 0.48671875 0.87734375 0.0375 0.1375
10 0.5296875 0.87734375 0.0390625 0.1421875
18 0.57421875 0.87890625 0.0390625 0.1453125
1 0.66796875 0.88359375 0.0421875 0.1546875
13 0.76328125 0.88671875 0.0390625 0.1609375
14 0.81171875 0.88359375 0.0390625 0.1546875
15 0.90546875 0.87578125 0.0421875 0.1453125
20 0.95625 0.89375 0.0453125 0.153125