7 0.0734375 0.11484375 0.0359375 0.121875
14 0.109375 0.11484375 0.0375 0.1359375
17 0.1484375 0.1078125 0.04375 0.1390625
8 0.228125 0.10078125 0.0375 0.1359375
19 0.4015625 0.10390625 0.040625 0.1390625
2 0.484375 0.09375 0.0375 0.121875
19 0.528125 0.096875 0.0359375 0.125
18 0.615625 0.090625 0.0390625 0.125
0 0.875 0.08359375 0.040625 0.1359375
1 0.9546875 0.096875 0.0390625 0.128125
2 0.95625 0.25703125 0.040625 0.1359375
0 0.8765625 0.25703125 0.0421875 0.13125
5 0.834375 0.26015625 0.034375 0.125
18 0.70625 0.25703125 0.0359375 0.13125
15 0.61875 0.25 0.0453125 0.125
18 0.5734375 0.25703125 0.0328125 0.125
4 0.403125 0.253125 0.0421875 0.125
24 0.23125 0.26015625 0.04375 0.125
4 0.1875 0.26015625 0.040625 0.121875
18 0.1484375 0.26015625 0.0375 0.1328125
9 0.0703125 0.2671875 0.0390625 0.125
0 0.0703125 0.41328125 0.040625 0.128125
5 0.1453125 0.41640625 0.0375 0.125
4 0.659375 0.41640625 0.034375 0.128125
12 0.703125 0.41328125 0.0375 0.1390625
15 0.7453125 0.41328125 0.040625 0.1390625
19 0.790625 0.41640625 0.0375 0.1421875
3 0.834375 0.5765625 0.0453125 0.125
22 0.7921875 0.5765625 0.0421875 0.1328125
23 0.7046875 0.5765625 0.04375 0.125
3 0.6171875 0.58359375 0.040625 0.1390625
2 0.4453125 0.5765625 0.0375 0.128125
7 0.271875 0.5765625 0.0375 0.1390625
24 0.1453125 0.5796875 0.046875 0.1359375
14 0.103125 0.5796875 0.04375 0.128125
1 0.0671875 0.5765625 0.0390625 0.1421875
17 0.065625 0.7359375 0.046875 0.1390625
3 0.23125 0.74296875 0.0375 0.1421875
13 0.3125 0.74296875 0.0375 0.1390625
0 0.4 0.746875 0.034375 0.1328125
8 0.5296875 0.73984375 0.0359375 0.1359375
14 0.746875 0.73984375 0.0359375 0.128125
11 0.921875 0.88515625 0.0421875 0.146875
14 0.875 0.8890625 0.0375 0.1390625
2 0.834375 0.8921875 0.0375 0.128125
7 0.575 0.89609375 0.046875 0.1390625
0 0.4875 0.90625 0.0375 0.1328125
14 0.2703125 0.8921875 0.04375 0.153125
17 0.23125 0.909375 0.0390625 0.125
0 0.1046875 0.89921875 0.03125 0.1390625