18 0.090625 0.1109375 0.0390625 0.125
2 0.221875 0.11484375 0.0359375 0.1359375
17 0.309375 0.125 0.034375 0.125
6 0.39375 0.13203125 0.03125 0.13125
4 0.440625 0.13515625 0.0375 0.128125
15 0.728125 0.2984375 0.0390625 0.121875
20 0.6890625 0.30234375 0.0375 0.125
15 0.565625 0.2953125 0.040625 0.1390625
8 0.525 0.2953125 0.0390625 0.1390625
15 0.4828125 0.28828125 0.04375 0.1390625
24 0.353125 0.28125 0.0375 0.125
17 0.309375 0.28125 0.0359375 0.125
14 0.26875 0.28125 0.040625 0.125
11 0.2203125 0.278125 0.040625 0.1390625
6 0.1765625 0.278125 0.04375 0.1421875
4 0.21875 0.4375 0.0359375 0.121875
7 0.5234375 0.4546875 0.0328125 0.128125
0 0.565625 0.4515625 0.034375 0.125
22 0.6078125 0.4546875 0.034375 0.125
0 0.878125 0.6109375 0.0328125 0.125
19 0.7671875 0.61484375 0.0359375 0.11875
8 0.6875 0.61796875 0.0359375 0.1359375
13 0.6484375 0.61484375 0.0359375 0.1359375
4 0.3953125 0.60390625 0.034375 0.125
17 0.353125 0.60390625 0.0359375 0.125
0 0.084375 0.596875 0.0375 0.125
0 0.040625 0.76015625 0.034375 0.128125
24 0.1296875 0.7640625 0.0375 0.128125
12 0.2171875 0.77109375 0.0359375 0.121875
14 0.2609375 0.76015625 0.03125 0.1109375
21 0.6859375 0.77109375 0.0359375 0.121875
3 0.9109375 0.76015625 0.0328125 0.125
0 0.6859375 0.92734375 0.0296875 0.11875
2 0.6453125 0.93046875 0.034375 0.11875
21 0.390625 0.92734375 0.0375 0.1390625
2 0.3046875 0.92734375 0.0375 0.121875
17 0.21875 0.934375 0.0375 0.128125
13 0.13125 0.9234375 0.04375 0.125