11 0.5375 0.2359375 0.0375 0.121875
11 0.753125 0.41328125 0.0390625 0.11875
24 0.534375 0.403125 0.034375 0.1171875
24 0.209375 0.38203125 0.040625 0.1328125
18 0.30625 0.3890625 0.0359375 0.125
0 0.3515625 0.3890625 0.0328125 0.121875
20 0.209375 0.559375 0.0390625 0.125
13 0.3046875 0.5625 0.0375 0.11875
14 0.3515625 0.5625 0.034375 0.125
25 0.44375 0.565625 0.0375 0.125
24 0.7921875 0.5765625 0.0328125 0.11875
14 0.3484375 0.7328125 0.0390625 0.125
13 0.4859375 0.7328125 0.0359375 0.11875
13 0.61875 0.7359375 0.034375 0.11875
13 0.059375 0.90625 0.0390625 0.128125
17 0.3 0.90625 0.0359375 0.121875
10 0.3953125 0.903125 0.0359375 0.125