17 0.1140625 0.07265625 0.034375 0.121875
14 0.1578125 0.07265625 0.0359375 0.121875
20 0.3796875 0.0765625 0.0359375 0.121875
13 0.421875 0.0765625 0.0359375 0.121875
3 0.553125 0.07265625 0.0328125 0.11875
24 0.5953125 0.07265625 0.0359375 0.121875
11 0.684375 0.06953125 0.0359375 0.11875
0 0.7265625 0.07265625 0.0328125 0.121875
20 0.7703125 0.06953125 0.034375 0.11875
22 0.9828125 0.07265625 0.0296875 0.121875
22 0.2484375 0.2359375 0.0375 0.11875
4 0.378125 0.2359375 0.034375 0.11875
10 0.4859375 0.23984375 0.0390625 0.121875
7 0.5953125 0.2359375 0.0359375 0.121875
7 0.3359375 0.39609375 0.034375 0.1171875
13 0.3796875 0.39609375 0.0359375 0.1171875
19 0.465625 0.39921875 0.034375 0.1171875
24 0.553125 0.39609375 0.0375 0.125
1 0.6828125 0.39609375 0.034375 0.121875
0 0.7234375 0.39609375 0.0328125 0.121875
19 0.8140625 0.39609375 0.034375 0.121875
0 0.115625 0.559375 0.034375 0.1078125
4 0.509375 0.55546875 0.034375 0.1078125
17 0.725 0.5625 0.0375 0.121875
13 0.8125 0.55546875 0.034375 0.1109375
6 0.115625 0.72890625 0.034375 0.1140625
0 0.2046875 0.72890625 0.034375 0.1140625
3 0.29375 0.72890625 0.0359375 0.11875
19 0.38125 0.721875 0.034375 0.1140625
0 0.4234375 0.721875 0.034375 0.1171875
2 0.4671875 0.72578125 0.034375 0.1171875
10 0.5109375 0.721875 0.0359375 0.1171875
4 0.5953125 0.721875 0.0328125 0.1140625
20 0.8125 0.721875 0.034375 0.1140625
4 0.8578125 0.71875 0.034375 0.115625