3 0.0375 0.08671875 0.0359375 0.1109375
21 0.1234375 0.08359375 0.034375 0.1109375
11 0.428125 0.08671875 0.0390625 0.115625
11 0.4703125 0.08671875 0.034375 0.1109375
17 0.6859375 0.08359375 0.03125 0.1109375
4 0.728125 0.08359375 0.0359375 0.1078125
10 0.253125 0.24296875 0.034375 0.1109375
11 0.2984375 0.25 0.0375 0.11875
14 0.6 0.25 0.0328125 0.115625
4 0.6859375 0.246875 0.034375 0.115625
3 0.9015625 0.25 0.03125 0.11875
6 0.2546875 0.41328125 0.034375 0.121875
0 0.296875 0.41328125 0.034375 0.115625
0 0.428125 0.409375 0.0328125 0.1109375
24 0.471875 0.409375 0.034375 0.115625
13 0.6421875 0.409375 0.03125 0.1109375
3 0.775 0.41640625 0.034375 0.128125
2 0.0328125 0.57265625 0.03125 0.1140625
0 0.075 0.57265625 0.034375 0.1109375
19 0.1203125 0.5765625 0.0359375 0.125
19 0.515625 0.5765625 0.0375 0.125
13 0.6875 0.5765625 0.034375 0.121875
7 0.946875 0.56953125 0.0359375 0.1140625
6 0.0328125 0.7359375 0.034375 0.125
17 0.075 0.73984375 0.034375 0.1328125
11 0.296875 0.73984375 0.0375 0.125
4 0.946875 0.7328125 0.03125 0.1140625
3 0.075 0.89921875 0.034375 0.115625
0 0.121875 0.89921875 0.034375 0.1109375
13 0.1640625 0.89921875 0.0359375 0.121875
7 0.4265625 0.903125 0.034375 0.121875
4 0.4703125 0.903125 0.034375 0.121875