19 0.3234375 0.065625 0.0375 0.125
11 0.415625 0.06953125 0.0359375 0.121875
11 0.4609375 0.06953125 0.03125 0.125
11 0.6390625 0.0765625 0.0359375 0.121875
0 0.8984375 0.09375 0.034375 0.115625
24 0.9390625 0.096875 0.0328125 0.11875
6 0.053125 0.22890625 0.0375 0.1328125
4 0.096875 0.22890625 0.0359375 0.1328125
19 0.1390625 0.22578125 0.0359375 0.125
19 0.1859375 0.22578125 0.0375 0.128125
10 0.36875 0.2359375 0.0375 0.121875
3 0.4609375 0.23984375 0.0375 0.121875
1 0.59375 0.24296875 0.040625 0.115625
0 0.6375 0.24296875 0.0359375 0.11875
20 0.68125 0.25 0.034375 0.11875
11 0.728125 0.246875 0.0390625 0.11875
10 0.7703125 0.25 0.034375 0.121875
24 0.8140625 0.253125 0.0375 0.128125
0 0.9 0.26015625 0.034375 0.121875
13 0.9421875 0.26015625 0.0359375 0.121875
14 0.05 0.3921875 0.0328125 0.125
11 0.0953125 0.3921875 0.0390625 0.125
3 0.1375 0.3921875 0.0375 0.125
12 0.23125 0.39921875 0.0390625 0.125
13 0.321875 0.403125 0.0390625 0.121875
0 0.4125 0.40625 0.034375 0.121875
6 0.546875 0.41328125 0.03125 0.121875
15 0.1828125 0.57265625 0.0375 0.128125
13 0.2734375 0.57265625 0.0375 0.128125
22 0.36875 0.5765625 0.0359375 0.125
0 0.4125 0.5765625 0.0328125 0.11875
19 0.0890625 0.74296875 0.0328125 0.128125
14 0.134375 0.74296875 0.0359375 0.121875
15 0.31875 0.746875 0.0359375 0.125
11 0.36875 0.75 0.0390625 0.125
0 0.4109375 0.75 0.0359375 0.125
19 0.45625 0.75 0.034375 0.121875
19 0.5 0.75 0.034375 0.11875
17 0.590625 0.753125 0.0359375 0.121875
14 0.6359375 0.753125 0.034375 0.125
7 0.76875 0.753125 0.0328125 0.1171875
12 0.8125 0.75703125 0.0359375 0.1140625
14 0.9 0.75703125 0.034375 0.121875
22 0.18125 0.9203125 0.034375 0.11875
13 0.4546875 0.9234375 0.0359375 0.11875
10 0.5015625 0.9203125 0.0375 0.11875
13 0.678125 0.9234375 0.0359375 0.11875
10 0.815625 0.92734375 0.040625 0.11875