2 0.1140625 0.11796875 0.0328125 0.1125
17 0.19375 0.1125 0.0328125 0.1125
0 0.2359375 0.115625 0.034375 0.1078125
6 0.27578125 0.11171875 0.0390625 0.115625
4 0.3171875 0.11328125 0.0375 0.125
18 0.3984375 0.11484375 0.0359375 0.1109375
24 0.14453125 0.25 0.0390625 0.125
1 0.396875 0.2484375 0.0328125 0.1171875
11 0.440625 0.2484375 0.0390625 0.128125
0 0.484375 0.2546875 0.0375 0.11875
2 0.5234375 0.25 0.0359375 0.121875
10 0.56484375 0.24765625 0.0359375 0.1265625
3 0.0546875 0.409375 0.0359375 0.128125
1 0.22421875 0.40390625 0.0390625 0.128125
0 0.31328125 0.40390625 0.0375 0.1171875
15 0.3984375 0.40703125 0.0375 0.134375
8 0.4390625 0.40625 0.0328125 0.128125
11 0.48203125 0.4046875 0.0359375 0.1296875
4 0.52265625 0.41015625 0.0375 0.134375
5 0.69765625 0.40078125 0.040625 0.134375
17 0.73984375 0.40390625 0.0359375 0.128125
4 0.78359375 0.4140625 0.040625 0.1375
11 0.21640625 0.56484375 0.034375 0.1328125
6 0.30703125 0.56328125 0.0359375 0.1359375
4 0.34921875 0.56796875 0.0390625 0.1296875
2 0.43828125 0.55859375 0.0375 0.1265625
14 0.4828125 0.56328125 0.0359375 0.125
3 0.525 0.5671875 0.03125 0.1328125
10 0.7 0.5609375 0.0390625 0.1265625
18 0.746875 0.5640625 0.0390625 0.1265625
21 0.83046875 0.5671875 0.0375 0.1390625
2 0.0390625 0.728125 0.0359375 0.121875
4 0.08046875 0.7265625 0.0375 0.128125
18 0.2578125 0.72578125 0.040625 0.1453125
20 0.3453125 0.73203125 0.0375 0.128125
8 0.390625 0.72578125 0.0375 0.1328125
3 0.43828125 0.728125 0.0390625 0.14375
19 0.52734375 0.71875 0.0375 0.1359375
19 0.61328125 0.725 0.0421875 0.1375
0 0.66015625 0.7234375 0.0359375 0.1296875
2 0.70625 0.72265625 0.0375 0.128125
11 0.74921875 0.7265625 0.040625 0.1359375
4 0.7953125 0.728125 0.0375 0.1328125
19 0.0265625 0.89609375 0.0453125 0.1453125
7 0.159375 0.89609375 0.0359375 0.140625
14 0.203125 0.90625 0.0359375 0.1390625
14 0.24765625 0.9 0.04375 0.1328125
10 0.29453125 0.90390625 0.040625 0.1453125
13 0.48125 0.89765625 0.0421875 0.1265625
4 0.528125 0.89921875 0.0375 0.125
23 0.57578125 0.9 0.0421875 0.1484375
19 0.61953125 0.896875 0.0359375 0.1359375
3 0.7578125 0.9 0.0375 0.1328125
24 0.88671875 0.89609375 0.040625 0.1296875