19 0.028125 0.0625 0.028125 0.09375
17 0.31875 0.0625 0.0328125 0.096875
8 0.4328125 0.0625 0.028125 0.0875
19 0.2015625 0.3296875 0.03125 0.103125
7 0.046875 0.6109375 0.028125 0.1109375
14 0.196875 0.61796875 0.0359375 0.1078125
2 0.5421875 0.621875 0.0296875 0.1015625
18 0.0453125 0.753125 0.03125 0.1078125
18 0.2296875 0.909375 0.0328125 0.1078125
13 0.540625 0.91328125 0.03125 0.1109375
3 0.6546875 0.91328125 0.0296875 0.1078125
3 0.9 0.7671875 0.025 0.0875
24 0.7265625 0.63203125 0.028125 0.1109375