3 0.2515625 0.0765625 0.0390625 0.125
24 0.3359375 0.0765625 0.0390625 0.125
4 0.3828125 0.0765625 0.0359375 0.121875
19 0.4703125 0.0796875 0.0375 0.125
0 0.5140625 0.0796875 0.0359375 0.128125
4 0.603125 0.0765625 0.0375 0.11875
12 0.690625 0.0765625 0.040625 0.128125
4 0.734375 0.0765625 0.0359375 0.121875
5 0.8203125 0.0765625 0.0375 0.121875
0 0.95 0.090625 0.0375 0.121875
5 0.1171875 0.22890625 0.03125 0.1140625
8 0.1578125 0.2328125 0.0375 0.1140625
21 0.203125 0.2328125 0.0390625 0.121875
4 0.2453125 0.2328125 0.034375 0.128125
12 0.3359375 0.22890625 0.0359375 0.121875
8 0.3796875 0.2328125 0.0375 0.121875
11 0.4234375 0.23984375 0.0375 0.1328125
4 0.46875 0.2359375 0.0375 0.1328125
5 0.5578125 0.24296875 0.0390625 0.1421875
2 0.69375 0.23984375 0.0359375 0.128125
0 0.7390625 0.23984375 0.0359375 0.128125
15 0.784375 0.24296875 0.0375 0.13125
4 0.828125 0.24296875 0.0390625 0.128125
2 0.959375 0.23984375 0.034375 0.121875
5 0.1125 0.39609375 0.03125 0.115625
1 0.2421875 0.3890625 0.0359375 0.128125
1 0.284375 0.3921875 0.0359375 0.125
14 0.3765625 0.39609375 0.0359375 0.1171875
13 0.4234375 0.39609375 0.0359375 0.121875
11 0.559375 0.39609375 0.0359375 0.125
8 0.6046875 0.39609375 0.0359375 0.128125
19 0.6984375 0.39921875 0.0359375 0.13125
18 0.88125 0.403125 0.0375 0.125
20 0.9265625 0.403125 0.0390625 0.13125
17 0.1875 0.559375 0.034375 0.1328125
4 0.234375 0.559375 0.0375 0.128125
2 0.2828125 0.559375 0.040625 0.1328125
14 0.3265625 0.5625 0.0375 0.1328125
17 0.375 0.565625 0.0359375 0.128125
3 0.4203125 0.565625 0.040625 0.121875
0 0.559375 0.559375 0.0390625 0.1328125
13 0.60625 0.5625 0.034375 0.128125
18 0.1828125 0.7359375 0.0359375 0.128125
8 0.2296875 0.73984375 0.0375 0.128125
4 0.371875 0.7359375 0.0359375 0.1328125
24 0.221875 0.91640625 0.0375 0.1359375
4 0.2703125 0.91328125 0.0359375 0.1328125
18 0.36875 0.91640625 0.0375 0.1328125
4 0.415625 0.91640625 0.0359375 0.1359375
4 0.4625 0.91640625 0.0390625 0.1328125
7 0.5609375 0.91640625 0.0359375 0.1328125
4 0.609375 0.9203125 0.034375 0.128125
2 0.709375 0.91640625 0.0359375 0.128125
3 0.7578125 0.9234375 0.0375 0.128125
13 0.853125 0.92734375 0.0375 0.1390625
8 0.9 0.92734375 0.0375 0.1421875
21 0.946875 0.92734375 0.040625 0.1421875