2 0.0890625 0.05625 0.034375 0.1109375
0 0.1296875 0.05859375 0.0296875 0.1078125
11 0.171875 0.059375 0.034375 0.1171875
11 0.21640625 0.06640625 0.034375 0.128125
7 0.3890625 0.07109375 0.0359375 0.1234375
14 0.4296875 0.071875 0.0359375 0.13125
15 0.47421875 0.0734375 0.034375 0.128125
15 0.51875 0.06953125 0.034375 0.1265625
0 0.5578125 0.0734375 0.0328125 0.1203125
11 0.6015625 0.07265625 0.0375 0.125
14 0.64375 0.075 0.0375 0.1234375
11 0.078125 0.209375 0.0359375 0.14375
0 0.12265625 0.2140625 0.0328125 0.13125
22 0.253125 0.2171875 0.0375 0.11875
4 0.2984375 0.21796875 0.0359375 0.1203125
4 0.34140625 0.2203125 0.0390625 0.1171875
10 0.38515625 0.2234375 0.0359375 0.1234375
7 0.1140625 0.37109375 0.0375 0.1296875
14 0.1578125 0.3765625 0.034375 0.1265625
15 0.2 0.378125 0.0375 0.134375
15 0.24765625 0.37421875 0.0359375 0.11875
0 0.2921875 0.3765625 0.0328125 0.11875
11 0.33828125 0.3859375 0.0390625 0.1375
14 0.38203125 0.38203125 0.0375 0.1328125
19 0.915625 0.39609375 0.0390625 0.1265625
2 0.10625 0.53046875 0.0359375 0.115625
8 0.9078125 0.23515625 0.0375 0.1296875
4 0.9484375 0.23671875 0.034375 0.1234375
8 0.51484375 0.3875 0.0375 0.121875
0 0.55703125 0.3859375 0.034375 0.1234375
14 0.15078125 0.53515625 0.0375 0.1296875
17 0.19609375 0.5359375 0.0375 0.1328125
21 0.2421875 0.53984375 0.0375 0.140625
4 0.28828125 0.540625 0.0375 0.140625
19 0.33515625 0.54296875 0.0375 0.1359375
19 0.38046875 0.54375 0.040625 0.13125
4 0.425 0.5390625 0.0375 0.1390625
18 0.46953125 0.5421875 0.0390625 0.1359375
0 0.096875 0.69453125 0.0359375 0.1328125
8 0.14296875 0.69765625 0.0390625 0.1296875
17 0.1875 0.70234375 0.0421875 0.140625
3 0.37578125 0.703125 0.0375 0.13125
18 0.42109375 0.70390625 0.0390625 0.1375
4 0.64921875 0.7140625 0.0375 0.1375
0 0.603125 0.54296875 0.0328125 0.125
13 0.6484375 0.54921875 0.04375 0.1234375
24 0.69453125 0.54765625 0.0390625 0.1359375
19 0.7859375 0.55234375 0.0390625 0.1328125
20 0.83125 0.55078125 0.040625 0.134375
17 0.8765625 0.5515625 0.0359375 0.1359375
13 0.9203125 0.55859375 0.040625 0.128125
8 0.9640625 0.55546875 0.034375 0.125
21 0.74375 0.7109375 0.040625 0.1359375
4 0.78828125 0.71328125 0.0390625 0.1296875
3 0.88203125 0.7203125 0.040625 0.140625
17 0.92734375 0.72109375 0.040625 0.1375
0 0.96875 0.721875 0.0359375 0.1328125
13 0.83984375 0.89765625 0.04375 0.13125
13 0.93203125 0.896875 0.040625 0.14375
0 0.975 0.896875 0.0375 0.1375
0 0.74375 0.89609375 0.0359375 0.1421875
5 0.04296875 0.8765625 0.0375 0.1328125
11 0.084375 0.87734375 0.0390625 0.15
0 0.134375 0.87890625 0.040625 0.1390625
6 0.1828125 0.8796875 0.040625 0.1484375
22 0.41796875 0.88359375 0.040625 0.14375
17 0.465625 0.88828125 0.04375 0.153125
8 0.51328125 0.8890625 0.0375 0.1546875
19 0.5578125 0.88828125 0.04375 0.153125
19 0.60703125 0.8921875 0.04375 0.15