7 0.08125 0.0796875 0.03125 0.1140625
4 0.2125 0.0796875 0.034375 0.121875
24 0.2546875 0.0765625 0.0359375 0.11875
18 0.3421875 0.0765625 0.03125 0.11875
17 0.4296875 0.0765625 0.0375 0.11875
2 0.5609375 0.06953125 0.0359375 0.121875
0 0.86875 0.06953125 0.034375 0.128125
18 0.915625 0.06953125 0.034375 0.115625
10 0.9609375 0.06953125 0.0359375 0.121875
18 0.040625 0.23984375 0.0359375 0.121875
19 0.16875 0.23984375 0.0359375 0.125
19 0.3421875 0.23984375 0.0328125 0.11875
24 0.646875 0.2359375 0.034375 0.121875
11 0.7828125 0.22890625 0.0359375 0.121875
3 0.8703125 0.22890625 0.034375 0.125
18 0.959375 0.22890625 0.0359375 0.121875
7 0.0828125 0.40625 0.0359375 0.125
0 0.1671875 0.39921875 0.034375 0.115625
4 0.384375 0.403125 0.03125 0.1171875
24 0.471875 0.39921875 0.034375 0.115625
19 0.559375 0.39921875 0.034375 0.115625
13 0.559375 0.5625 0.034375 0.1109375
8 0.603125 0.5625 0.03125 0.115625
13 0.78125 0.559375 0.0359375 0.1140625
2 0.646875 0.5625 0.034375 0.115625
24 0.959375 0.565625 0.0359375 0.121875
20 0.2125 0.72890625 0.0375 0.125
0 0.125 0.7328125 0.034375 0.11875
4 0.25625 0.72890625 0.0359375 0.121875
11 0.3 0.72890625 0.0375 0.125
18 0.3875 0.7328125 0.0359375 0.121875
2 0.471875 0.72890625 0.0390625 0.128125
19 0.559375 0.72890625 0.0359375 0.1109375
17 0.603125 0.72890625 0.0359375 0.11875
24 0.646875 0.7328125 0.0390625 0.121875
9 0.8265625 0.7359375 0.0375 0.125
0 0.86875 0.7359375 0.0359375 0.125