7 0.1625 0.0796875 0.034375 0.125
13 0.253125 0.0765625 0.034375 0.121875
19 0.3453125 0.08359375 0.0359375 0.11875
20 0.390625 0.08671875 0.034375 0.128125
7 0.6078125 0.09375 0.0328125 0.125
24 0.778125 0.10390625 0.034375 0.125
4 0.8984375 0.1078125 0.03125 0.1078125
0 0.071875 0.23984375 0.034375 0.121875
4 0.3421875 0.246875 0.0328125 0.121875
0 0.4765625 0.25 0.03125 0.1109375
13 0.5203125 0.253125 0.03125 0.115625
0 0.69375 0.25703125 0.0328125 0.1078125
3 0.7359375 0.25703125 0.03125 0.1109375
4 0.778125 0.26015625 0.0328125 0.1109375
19 0.0265625 0.41328125 0.0296875 0.121875
13 0.1609375 0.41328125 0.0328125 0.115625
18 0.3890625 0.41640625 0.0328125 0.1109375
7 0.778125 0.4234375 0.034375 0.1171875
3 0.859375 0.4234375 0.0296875 0.115625
19 0.971875 0.434375 0.0265625 0.1046875
18 0.1171875 0.5796875 0.034375 0.121875
18 0.3890625 0.5796875 0.03125 0.1140625
8 0.34375 0.5765625 0.0328125 0.1140625
6 0.6078125 0.5796875 0.03125 0.1109375
4 0.65 0.58359375 0.03125 0.1109375
19 0.7359375 0.58671875 0.034375 0.1171875
15 0.028125 0.746875 0.034375 0.121875
13 0.2984375 0.75 0.0359375 0.115625
24 0.821875 0.75 0.03125 0.115625
13 0.1171875 0.91328125 0.0359375 0.121875
16 0.253125 0.91640625 0.0328125 0.115625
20 0.2984375 0.91640625 0.0359375 0.121875
18 0.478125 0.91328125 0.03125 0.115625
2 0.6078125 0.909375 0.0328125 0.115625
0 0.940625 0.89921875 0.03125 0.1109375
1 0.978125 0.89921875 0.034375 0.115625