24 0.13046875 0.07890625 0.04375 0.1234375
24 0.2640625 0.075 0.0390625 0.1203125
1 0.44140625 0.07578125 0.0375 0.128125
20 0.484375 0.07578125 0.0359375 0.1171875
14 0.52734375 0.0796875 0.0390625 0.125
24 0.57421875 0.078125 0.0390625 0.1203125
2 0.83359375 0.07578125 0.034375 0.1171875
0 0.875 0.07421875 0.0359375 0.125
17 0.084375 0.2375 0.0359375 0.128125
14 0.12734375 0.2390625 0.0375 0.121875
2 0.17109375 0.23359375 0.0375 0.13125
10 0.21328125 0.23359375 0.0359375 0.1203125
24 0.259375 0.23828125 0.040625 0.1296875
1 0.34765625 0.22890625 0.034375 0.121875
14 0.39296875 0.2296875 0.04375 0.125
19 0.43828125 0.2375 0.0359375 0.128125
19 0.48515625 0.2375 0.040625 0.1390625
14 0.528125 0.23671875 0.0359375 0.121875
12 0.575 0.23515625 0.0359375 0.125
3 0.25625 0.396875 0.0390625 0.1359375
0 0.303125 0.39921875 0.0375 0.1296875
3 0.34765625 0.39921875 0.040625 0.1296875
18 0.43984375 0.40234375 0.0375 0.1359375
4 0.48359375 0.39609375 0.040625 0.1296875
7 0.62109375 0.3953125 0.0390625 0.134375
4 0.66484375 0.4 0.0390625 0.1328125
22 0.7578125 0.396875 0.040625 0.125
3 0.80078125 0.39921875 0.0390625 0.134375
13 0.84453125 0.396875 0.040625 0.13125
13 0.93671875 0.4 0.034375 0.1328125
5 0.075 0.571875 0.0390625 0.1421875
8 0.11640625 0.5734375 0.0375 0.1453125
21 0.16171875 0.575 0.040625 0.13125
4 0.209375 0.578125 0.0375 0.14375
12 0.29765625 0.5703125 0.0390625 0.128125
8 0.34609375 0.56953125 0.0375 0.1375
11 0.39375 0.5671875 0.0421875 0.1390625
4 0.4390625 0.56328125 0.040625 0.1359375
14 0.52734375 0.57265625 0.0359375 0.14375
24 0.6671875 0.56640625 0.0421875 0.1421875
3 0.89765625 0.56015625 0.0390625 0.1421875
0 0.94140625 0.559375 0.034375 0.128125
24 0.2953125 0.74296875 0.0421875 0.140625
3 0.39296875 0.7296875 0.040625 0.1296875
14 0.4390625 0.73671875 0.0390625 0.1453125
13 0.48359375 0.7375 0.0390625 0.1359375
19 0.57578125 0.73984375 0.04375 0.134375
7 0.6734375 0.7359375 0.04375 0.1421875
4 0.71953125 0.7390625 0.040625 0.1328125
6 0.8125 0.73984375 0.0421875 0.15625
8 0.8578125 0.73828125 0.0375 0.1421875
19 0.90546875 0.74609375 0.0421875 0.15625
7 0.06328125 0.91875 0.0359375 0.1359375
3 0.15390625 0.92421875 0.0421875 0.1515625
18 0.4859375 0.921875 0.04375 0.153125
3 0.53125 0.92265625 0.0390625 0.1546875
14 0.72109375 0.9203125 0.0421875 0.15625
17 0.81796875 0.9171875 0.0421875 0.14375