0 0.040625 0.13203125 0.03125 0.096875
13 0.075 0.13515625 0.03125 0.1078125
24 0.1109375 0.128125 0.03125 0.1
5 0.3109375 0.121875 0.03125 0.1046875
0 0.4328125 0.13203125 0.03125 0.1078125
13 0.471875 0.13203125 0.03125 0.1078125
14 0.5125 0.13515625 0.0328125 0.1046875
17 0.590625 0.13515625 0.03125 0.115625
18 0.6703125 0.1390625 0.0328125 0.1046875
15 0.7109375 0.1390625 0.0296875 0.1078125
4 0.75 0.1421875 0.0328125 0.1078125
11 0.7890625 0.1421875 0.0328125 0.1109375
11 0.8296875 0.1421875 0.034375 0.1140625
11 0.0390625 0.28125 0.0328125 0.1078125
0 0.0734375 0.284375 0.03125 0.1078125
24 0.109375 0.278125 0.03125 0.1109375
3 0.1890625 0.278125 0.034375 0.11875
3 0.5921875 0.284375 0.0296875 0.1078125
14 0.6703125 0.28828125 0.0296875 0.1171875
15 0.7109375 0.28828125 0.03125 0.1109375
1 0.909375 0.28828125 0.0296875 0.096875
14 0.946875 0.29140625 0.028125 0.1078125
13 0.0328125 0.42734375 0.0296875 0.115625
4 0.1078125 0.42734375 0.0328125 0.115625
11 0.1859375 0.42734375 0.034375 0.115625
8 0.2265625 0.43046875 0.0328125 0.1171875
5 0.2671875 0.42734375 0.0328125 0.1109375
19 0.3078125 0.43046875 0.03125 0.1109375
7 0.43125 0.42734375 0.034375 0.1109375
11 0.5515625 0.4375 0.0328125 0.11875
4 0.590625 0.434375 0.034375 0.115625
4 0.63125 0.434375 0.0328125 0.1078125
17 0.7109375 0.434375 0.0359375 0.1109375
0 0.753125 0.434375 0.03125 0.1078125
8 0.7921875 0.4375 0.0296875 0.1109375
20 0.9125 0.4375 0.0296875 0.1046875
15 0.95 0.440625 0.0296875 0.1046875
14 0.03125 0.5765625 0.028125 0.1078125
13 0.0671875 0.5796875 0.028125 0.1140625
14 0.1828125 0.58359375 0.0296875 0.1109375
13 0.3078125 0.5796875 0.03125 0.1109375
18 0.5109375 0.5796875 0.028125 0.1078125
0 0.55 0.5796875 0.028125 0.1109375
18 0.7140625 0.58671875 0.0296875 0.1109375
0 0.79375 0.58671875 0.0265625 0.1046875
22 0.028125 0.72890625 0.028125 0.1078125
4 0.065625 0.72890625 0.028125 0.1109375
14 0.2640625 0.7359375 0.0296875 0.1109375
20 0.4296875 0.73984375 0.0296875 0.11875
11 0.5125 0.7359375 0.028125 0.1109375
14 0.715625 0.73984375 0.0296875 0.1046875
17 0.7578125 0.74296875 0.03125 0.1109375
18 0.8390625 0.74296875 0.028125 0.1078125
14 0.9171875 0.73984375 0.0296875 0.1078125
15 0.028125 0.88203125 0.0296875 0.1109375
17 0.0625 0.88515625 0.0296875 0.11875
8 0.1015625 0.878125 0.028125 0.1015625
18 0.140625 0.8890625 0.0328125 0.115625
19 0.2234375 0.8921875 0.0296875 0.115625
11 0.2640625 0.8921875 0.0328125 0.115625
24 0.30625 0.89609375 0.0328125 0.11875
24 0.4296875 0.89609375 0.0328125 0.115625
14 0.5109375 0.89609375 0.03125 0.11875
1 0.553125 0.8921875 0.03125 0.1109375
18 0.5953125 0.8921875 0.0328125 0.11875
21 0.6765625 0.89609375 0.0359375 0.1078125
24 0.840625 0.89609375 0.03125 0.11875
3 0.9203125 0.89609375 0.0328125 0.115625