17 0.4265625 0.09140625 0.0359375 0.1203125
4 0.471875 0.0953125 0.0328125 0.121875
24 0.5546875 0.0953125 0.0390625 0.1125
17 0.6796875 0.09140625 0.0359375 0.1265625
4 0.72109375 0.09140625 0.034375 0.1296875
4 0.7625 0.090625 0.0359375 0.125
5 0.8453125 0.096875 0.0359375 0.1203125
17 0.88515625 0.10234375 0.0375 0.125
14 0.925 0.10390625 0.0375 0.1234375
6 0.96484375 0.10703125 0.03125 0.11875
19 0.1296875 0.2375 0.0328125 0.128125
14 0.16875 0.2390625 0.03125 0.109375
3 0.21171875 0.23828125 0.0328125 0.11875
3 0.25390625 0.2375 0.034375 0.128125
3 0.5109375 0.24453125 0.0359375 0.121875
14 0.55625 0.24296875 0.034375 0.1125
3 0.596875 0.24375 0.0359375 0.11875
3 0.63828125 0.2453125 0.0328125 0.1234375
22 0.8109375 0.24609375 0.034375 0.1359375
4 0.85 0.2453125 0.0359375 0.134375
22 0.9328125 0.25546875 0.0390625 0.1140625
1 0.08203125 0.396875 0.0390625 0.125
0 0.12578125 0.396875 0.0375 0.125
14 0.25078125 0.39765625 0.0390625 0.1375
13 0.29375 0.39765625 0.0375 0.1265625
2 0.3390625 0.403125 0.0359375 0.1375
4 0.38203125 0.403125 0.0359375 0.1375
18 0.5125 0.4 0.0359375 0.125
4 0.553125 0.403125 0.034375 0.1265625
4 0.59609375 0.40625 0.040625 0.128125
8 0.68671875 0.4046875 0.034375 0.1296875
5 0.72734375 0.40234375 0.0359375 0.128125
18 0.89921875 0.4015625 0.0296875 0.11875
15 0.9359375 0.40546875 0.0375 0.121875
14 0.98046875 0.40703125 0.0390625 0.1296875
3 0.0765625 0.56171875 0.0359375 0.1328125
8 0.11640625 0.5640625 0.0359375 0.1421875
3 0.15625 0.56484375 0.0390625 0.1390625
3 0.4234375 0.55859375 0.0375 0.1375
14 0.4671875 0.55546875 0.0359375 0.1328125
3 0.5109375 0.55546875 0.0390625 0.1328125
3 0.55390625 0.55703125 0.0390625 0.1296875
19 0.68828125 0.559375 0.0359375 0.1390625
14 0.73046875 0.55703125 0.0375 0.1453125
14 0.7734375 0.5578125 0.034375 0.1359375
13 0.24375 0.721875 0.034375 0.125
14 0.28671875 0.71875 0.0375 0.125
11 0.33359375 0.7203125 0.040625 0.1328125
3 0.37734375 0.7203125 0.0421875 0.1515625
3 0.69140625 0.7265625 0.0390625 0.140625
0 0.78125 0.725 0.040625 0.1421875
11 0.8703125 0.725 0.0390625 0.13125
14 0.9109375 0.7265625 0.0328125 0.128125
19 0.95625 0.721875 0.040625 0.1296875
14 0.2359375 0.9 0.0390625 0.1328125
19 0.37734375 0.89765625 0.0421875 0.15
22 0.4703125 0.903125 0.0375 0.15
4 0.51640625 0.9015625 0.0390625 0.140625
12 0.60625 0.8890625 0.0390625 0.14375
0 0.65390625 0.8984375 0.0390625 0.1515625
3 0.69921875 0.89609375 0.040625 0.140625
4 0.74375 0.89921875 0.0390625 0.1421875
22 0.9203125 0.89453125 0.0375 0.14375