18 0.2671875 0.059375 0.034375 0.11875
18 0.7203125 0.05546875 0.0375 0.1109375
19 0.884375 0.065625 0.03125 0.128125
14 0.91875 0.06953125 0.0296875 0.115625
24 0.178125 0.215625 0.0375 0.128125
11 0.134375 0.221875 0.0328125 0.128125
18 0.0890625 0.22578125 0.0375 0.13125
0 0.3140625 0.21875 0.03125 0.125
3 0.409375 0.215625 0.034375 0.125
14 0.45 0.215625 0.0390625 0.125
17 0.496875 0.215625 0.0390625 0.128125
4 0.6765625 0.21171875 0.0375 0.121875
4 0.8078125 0.215625 0.0375 0.125
3 0.6796875 0.38515625 0.0375 0.125
18 0.6328125 0.3890625 0.0375 0.1328125
18 0.453125 0.3890625 0.0375 0.125
13 0.2234375 0.38515625 0.040625 0.1328125
4 0.1328125 0.3890625 0.0375 0.1390625
10 0.090625 0.3921875 0.0390625 0.128125
4 0.315625 0.559375 0.034375 0.125
3 0.40625 0.55546875 0.0375 0.1328125
8 0.6359375 0.55234375 0.0390625 0.1359375
11 0.7703125 0.55234375 0.0390625 0.1359375
11 0.54375 0.72578125 0.0328125 0.1359375
0 0.3171875 0.72890625 0.0390625 0.125
3 0.1328125 0.7328125 0.0375 0.1390625
0 0.0453125 0.7359375 0.0328125 0.128125
21 0.090625 0.903125 0.040625 0.1390625
8 0.1328125 0.903125 0.0328125 0.1390625
24 0.221875 0.903125 0.0390625 0.1390625
17 0.4546875 0.903125 0.040625 0.1390625
11 0.5921875 0.89609375 0.0328125 0.1390625
18 0.7296875 0.89609375 0.0359375 0.1390625