17 0.0609375 0.096875 0.03125 0.115625
4 0.0984375 0.09375 0.0296875 0.1109375
1 0.140625 0.090625 0.0328125 0.11875
4 0.1796875 0.08671875 0.0328125 0.121875
0 0.2640625 0.0765625 0.0328125 0.11875
18 0.3515625 0.0625 0.034375 0.121875
12 0.39375 0.0625 0.034375 0.11875
8 0.4375 0.059375 0.0328125 0.115625
11 0.4796875 0.059375 0.0375 0.115625
19 0.1796875 0.2359375 0.034375 0.11875
12 0.2640625 0.22890625 0.03125 0.121875
22 0.3515625 0.221875 0.0328125 0.128125
14 0.3953125 0.21875 0.0328125 0.128125
13 0.440625 0.21875 0.0359375 0.1390625
19 0.575 0.2046875 0.0359375 0.128125
0 0.09375 0.403125 0.0328125 0.1046875
5 0.1328125 0.39609375 0.0328125 0.1109375
4 0.175 0.39609375 0.0328125 0.1109375
19 0.21875 0.39921875 0.03125 0.1171875
8 0.309375 0.3890625 0.0328125 0.115625
0 0.3515625 0.38515625 0.0328125 0.11875
17 0.4859375 0.38203125 0.0359375 0.1359375
4 0.5296875 0.378125 0.034375 0.125
1 0.5765625 0.378125 0.0359375 0.1359375
4 0.6203125 0.375 0.0390625 0.1328125
12 0.046875 0.57265625 0.028125 0.11875
18 0.0890625 0.57265625 0.03125 0.11875
18 0.215625 0.559375 0.0328125 0.121875
20 0.2625 0.5625 0.03125 0.128125
18 0.3046875 0.559375 0.0375 0.128125
15 0.35 0.55546875 0.034375 0.1359375
8 0.396875 0.55546875 0.0328125 0.128125
2 0.4421875 0.55546875 0.0359375 0.1359375
8 0.4875 0.5484375 0.034375 0.1390625
18 0.58125 0.5453125 0.034375 0.1390625
19 0.0421875 0.73984375 0.0328125 0.11875
4 0.0859375 0.73984375 0.03125 0.1359375
2 0.128125 0.74296875 0.0328125 0.1328125
19 0.171875 0.73984375 0.0359375 0.128125
4 0.215625 0.7328125 0.0359375 0.11875
21 0.259375 0.7328125 0.0328125 0.121875
4 0.30625 0.7328125 0.0359375 0.1359375
19 0.4421875 0.72890625 0.0375 0.15
17 0.4875 0.71875 0.040625 0.1421875
4 0.5328125 0.721875 0.0359375 0.1390625
1 0.5796875 0.71875 0.0359375 0.1328125
4 0.0421875 0.909375 0.0296875 0.125
18 0.16875 0.909375 0.034375 0.128125
15 0.2125 0.909375 0.034375 0.1390625
24 0.25625 0.909375 0.0359375 0.125
17 0.4890625 0.90625 0.0359375 0.1390625
8 0.534375 0.90625 0.0390625 0.15
21 0.584375 0.903125 0.0421875 0.15
4 0.63125 0.90625 0.0375 0.1421875
1 0.809375 0.3609375 0.0359375 0.128125
17 0.85625 0.3609375 0.0375 0.128125
12 0.76875 0.534375 0.0375 0.128125
0 0.815625 0.534375 0.034375 0.1359375
24 0.8640625 0.53828125 0.0421875 0.1421875
1 0.909375 0.534375 0.0375 0.1390625
4 0.9546875 0.528125 0.0390625 0.1421875
14 0.728125 0.8921875 0.0390625 0.1421875
13 0.778125 0.89609375 0.0375 0.1390625