14 0.04375 0.134375 0.0359375 0.121875
13 0.0875 0.1328125 0.0375 0.1296875
8 0.26953125 0.1234375 0.0296875 0.11875
2 0.3140625 0.1203125 0.0359375 0.1171875
4 0.359375 0.1234375 0.0359375 0.1234375
0 0.44921875 0.11484375 0.0359375 0.128125
11 0.5421875 0.11484375 0.0390625 0.1328125
14 0.5859375 0.109375 0.0359375 0.1171875
19 0.63046875 0.1125 0.0359375 0.1234375
8 0.84375 0.1078125 0.0328125 0.115625
3 0.0328125 0.471875 0.0359375 0.1265625
24 0.078125 0.46875 0.0359375 0.1359375
18 0.17109375 0.46796875 0.0390625 0.1296875
3 0.21796875 0.47109375 0.0359375 0.134375
22 0.028125 0.6390625 0.0375 0.14375
0 0.07578125 0.63671875 0.0359375 0.1375
13 0.11953125 0.64453125 0.0390625 0.1375
19 0.16875 0.6375 0.0375 0.140625
2 0.359375 0.63671875 0.040625 0.1484375
3 0.40546875 0.63515625 0.040625 0.146875
18 0.50078125 0.621875 0.0375 0.140625
8 0.54765625 0.61875 0.0359375 0.146875
19 0.59296875 0.61796875 0.0359375 0.1453125
4 0.02421875 0.82421875 0.0359375 0.146875
17 0.3078125 0.81015625 0.0375 0.1453125
4 0.50234375 0.79296875 0.0359375 0.140625
14 0.54921875 0.796875 0.034375 0.1421875
4 0.7390625 0.78359375 0.0359375 0.1359375
21 0.78359375 0.78125 0.0390625 0.1375