6 0.1046875 0.065625 0.034375 0.128125
2 0.190625 0.0625 0.0359375 0.125
17 0.23125 0.065625 0.034375 0.128125
14 0.2734375 0.0625 0.034375 0.121875
18 0.315625 0.065625 0.0359375 0.128125
18 0.3578125 0.0625 0.0359375 0.121875
2 0.440625 0.059375 0.034375 0.11875
19 0.528125 0.059375 0.0328125 0.11875
17 0.571875 0.059375 0.040625 0.115625
24 0.615625 0.059375 0.0375 0.11875
6 0.1 0.215625 0.034375 0.1390625
8 0.1875 0.21875 0.0328125 0.1359375
2 0.228125 0.215625 0.0328125 0.115625
4 0.2734375 0.215625 0.034375 0.134375
18 0.35625 0.215625 0.0328125 0.125
10 0.396875 0.21171875 0.0359375 0.128125
0 0.440625 0.20859375 0.034375 0.1328125
19 0.4828125 0.20859375 0.0375 0.1359375
6 0.09375 0.371875 0.0390625 0.1390625
7 0.18125 0.378125 0.0359375 0.1390625
14 0.2234375 0.371875 0.0359375 0.1421875
12 0.265625 0.371875 0.0328125 0.128125
4 0.309375 0.378125 0.0375 0.128125
8 0.440625 0.371875 0.03125 0.128125
5 0.4828125 0.371875 0.03125 0.13125
24 0.56875 0.371875 0.0390625 0.13125
7 0.703125 0.3609375 0.0375 0.128125
0 0.79375 0.3578125 0.0375 0.1359375
2 0.8875 0.35390625 0.0359375 0.1328125
14 0.9328125 0.35390625 0.040625 0.1359375
11 0.9796875 0.3578125 0.0390625 0.146875
14 0.3484375 0.7015625 0.0359375 0.1328125
18 0.3953125 0.69765625 0.0359375 0.1328125
14 0.528125 0.7015625 0.0375 0.1359375
22 0.6203125 0.7015625 0.0390625 0.1359375
19 0.7109375 0.69765625 0.0375 0.1359375
8 0.8046875 0.7046875 0.0359375 0.1328125
2 0.8515625 0.7046875 0.0359375 0.1421875
4 0.896875 0.7015625 0.0375 0.1390625
7 0.0859375 0.875 0.034375 0.1328125
14 0.128125 0.878125 0.0359375 0.1359375
2 0.1734375 0.878125 0.0328125 0.125
10 0.2171875 0.878125 0.0375 0.128125
4 0.2625 0.88203125 0.0359375 0.1390625
24 0.30625 0.88203125 0.0390625 0.1359375
8 0.44375 0.878125 0.0359375 0.128125
2 0.4859375 0.878125 0.0359375 0.1359375
10 0.5296875 0.878125 0.0375 0.1390625
18 0.575 0.878125 0.0375 0.1421875
1 0.6671875 0.88515625 0.040625 0.153125
13 0.7640625 0.88515625 0.0375 0.159375
14 0.8109375 0.88515625 0.0390625 0.153125
15 0.9046875 0.875 0.040625 0.1421875
20 0.95625 0.8921875 0.04375 0.15