14 0.228125 0.1046875 0.0359375 0.11875
13 0.271875 0.109375 0.0328125 0.1171875
22 0.4453125 0.10625 0.0328125 0.1234375
0 0.4890625 0.1046875 0.03125 0.11875
24 0.5328125 0.09765625 0.0359375 0.121875
7 0.61875 0.10234375 0.0375 0.125
14 0.66171875 0.09296875 0.0359375 0.1234375
12 0.7078125 0.08671875 0.0359375 0.1109375
4 0.75234375 0.08984375 0.034375 0.1234375
13 0.928125 0.07890625 0.0375 0.1234375
14 0.9734375 0.0828125 0.034375 0.1296875
7 0.08984375 0.26015625 0.034375 0.1296875
0 0.13359375 0.25859375 0.0359375 0.14375
18 0.1796875 0.26015625 0.0375 0.1296875
19 0.2671875 0.2625 0.0375 0.134375
22 0.3125 0.26015625 0.0375 0.134375
14 0.35625 0.25859375 0.0375 0.1265625
5 0.44453125 0.25 0.0359375 0.1328125
17 0.48515625 0.253125 0.034375 0.1375
14 0.5296875 0.25546875 0.0359375 0.128125
6 0.57421875 0.25625 0.034375 0.1265625
18 0.62109375 0.24765625 0.034375 0.1375
13 0.75390625 0.2421875 0.0375 0.1328125
3 0.8 0.24375 0.0390625 0.1421875
17 0.93671875 0.2296875 0.0390625 0.1359375
14 0.9796875 0.2296875 0.040625 0.13125
20 0.12578125 0.4203125 0.034375 0.1390625
17 0.353125 0.4203125 0.034375 0.1390625
14 0.39609375 0.42265625 0.0375 0.14375
3 0.43828125 0.42578125 0.0375 0.1390625
13 0.7109375 0.4046875 0.0390625 0.1421875
14 0.75625 0.4046875 0.040625 0.134375
11 0.8046875 0.40546875 0.0390625 0.1328125
3 0.853125 0.4078125 0.0328125 0.13125
18 0.94765625 0.40546875 0.0359375 0.1328125
12 0.075 0.5828125 0.034375 0.1375
8 0.11796875 0.58984375 0.0375 0.134375
11 0.16484375 0.59453125 0.040625 0.1484375
10 0.21015625 0.59375 0.0359375 0.13125
11 0.253125 0.76484375 0.0359375 0.1484375
14 0.30078125 0.7625 0.0375 0.140625
14 0.3453125 0.76484375 0.0421875 0.1453125
10 0.39296875 0.76484375 0.040625 0.140625
7 0.48671875 0.76875 0.040625 0.1625
11 0.63046875 0.76484375 0.04375 0.15625
20 0.675 0.759375 0.0359375 0.140625
12 0.7234375 0.7484375 0.0390625 0.140625
15 0.7703125 0.75625 0.0421875 0.1546875
24 0.8203125 0.75546875 0.04375 0.1484375