11 0.10859375 0.115625 0.034375 0.11875
14 0.14453125 0.11640625 0.0359375 0.109375
21 0.18203125 0.109375 0.03125 0.10625
4 0.22265625 0.10546875 0.034375 0.1140625
6 0.4265625 0.08828125 0.03125 0.109375
4 0.50859375 0.084375 0.034375 0.1171875
21 0.55078125 0.0859375 0.034375 0.11875
0 0.590625 0.0828125 0.03125 0.1171875
13 0.14296875 0.25859375 0.0296875 0.1171875
20 0.18046875 0.25625 0.0296875 0.115625
4 0.26171875 0.25078125 0.0328125 0.1171875
19 0.30234375 0.24765625 0.034375 0.1234375
14 0.38359375 0.24296875 0.0375 0.121875
13 0.42734375 0.23984375 0.0359375 0.1203125
12 0.55234375 0.23984375 0.0328125 0.1234375
14 0.59375 0.23671875 0.034375 0.1203125
13 0.63671875 0.23203125 0.0359375 0.1234375
21 0.103125 0.41953125 0.0296875 0.1265625
14 0.14140625 0.4171875 0.0328125 0.1140625
11 0.1796875 0.41171875 0.0359375 0.11875
11 0.2203125 0.40859375 0.0375 0.1203125
4 0.2609375 0.403125 0.034375 0.1203125
24 0.303125 0.40703125 0.0359375 0.1234375
1 0.34375 0.40390625 0.034375 0.125
0 0.3859375 0.39453125 0.034375 0.1265625
11 0.4296875 0.40078125 0.0328125 0.1234375
11 0.46953125 0.403125 0.034375 0.1265625
13 0.1390625 0.571875 0.03125 0.109375
21 0.17734375 0.57109375 0.03125 0.1265625
4 0.26015625 0.559375 0.0328125 0.1171875
19 0.3015625 0.5609375 0.034375 0.125
0 0.38828125 0.5578125 0.03125 0.121875
10 0.51328125 0.55390625 0.0359375 0.121875
23 0.09921875 0.72734375 0.0296875 0.1171875
18 0.178125 0.72265625 0.0390625 0.1296875
19 0.3 0.72421875 0.034375 0.125
15 0.4703125 0.71328125 0.034375 0.1296875
21 0.134375 0.88203125 0.03125 0.134375
11 0.17421875 0.8828125 0.034375 0.128125
0 0.21640625 0.88203125 0.0359375 0.1296875
3 0.25625 0.88671875 0.0328125 0.125
18 0.340625 0.8828125 0.034375 0.128125
10 0.3828125 0.88515625 0.0390625 0.1359375
24 0.4265625 0.884375 0.0390625 0.1375
0 0.603125 0.878125 0.0359375 0.128125
17 0.51328125 0.715625 0.0328125 0.115625
8 0.55625 0.7125 0.0375 0.1328125
21 0.60078125 0.715625 0.0421875 0.1375
0 0.64453125 0.71640625 0.0359375 0.13125
19 0.6859375 0.71484375 0.0390625 0.1328125
4 0.73203125 0.7140625 0.0390625 0.1375
3 0.8203125 0.7140625 0.0390625 0.15
4 0.8640625 0.71484375 0.0390625 0.1515625
19 0.9078125 0.70859375 0.0375 0.1453125
8 0.9515625 0.71328125 0.034375 0.1546875
11 0.6890625 0.88046875 0.0328125 0.1375
8 0.73359375 0.8796875 0.0390625 0.1359375
2 0.7796875 0.8828125 0.0359375 0.13125
18 0.86640625 0.8796875 0.0390625 0.125
4 0.9109375 0.87421875 0.0375 0.1375
23 0.6859375 0.55078125 0.040625 0.1375
18 0.77421875 0.5546875 0.0359375 0.1421875
4 0.81796875 0.54921875 0.0390625 0.1375
4 0.86171875 0.55 0.0375 0.1359375
12 0.9046875 0.54609375 0.0359375 0.125
18 0.946875 0.540625 0.034375 0.121875
2 0.9 0.3828125 0.040625 0.1359375
0 0.94296875 0.3828125 0.0359375 0.1359375
3 0.72265625 0.22890625 0.0390625 0.128125
1 0.76171875 0.0765625 0.034375 0.11875
17 0.88828125 0.06640625 0.0390625 0.1203125
4 0.92890625 0.06796875 0.0328125 0.1171875
1 0.96953125 0.0671875 0.0328125 0.1109375