12 0.08359375 0.11015625 0.0390625 0.11875
24 0.12734375 0.115625 0.0390625 0.11875
14 0.25703125 0.11640625 0.040625 0.1203125
11 0.3046875 0.1203125 0.0421875 0.128125
4 0.34921875 0.115625 0.0390625 0.1296875
11 0.43828125 0.1109375 0.040625 0.1296875
8 0.48359375 0.1125 0.0375 0.1234375
5 0.528125 0.11328125 0.0390625 0.1296875
4 0.575 0.109375 0.0390625 0.134375
10 0.1765625 0.27109375 0.0375 0.1296875
8 0.25234375 0.271875 0.0390625 0.13125
11 0.34375 0.275 0.0390625 0.1328125
11 0.3890625 0.2734375 0.0421875 0.1390625
4 0.77109375 0.259375 0.0421875 0.1328125
22 0.38203125 0.43828125 0.04375 0.1359375
0 0.43203125 0.43984375 0.0375 0.128125
24 0.47421875 0.43828125 0.040625 0.125
14 0.37265625 0.621875 0.0390625 0.146875
13 0.4203125 0.61796875 0.040625 0.1359375
11 0.47109375 0.61640625 0.0390625 0.1359375
24 0.5203125 0.61875 0.0453125 0.153125
14 0.675 0.61640625 0.04375 0.146875
14 0.83515625 0.62890625 0.0453125 0.1625
6 0.94453125 0.62890625 0.053125 0.1671875