14 0.10078125 0.08828125 0.0390625 0.1296875
21 0.14375 0.084375 0.0375 0.1125
6 0.3609375 0.08359375 0.0375 0.1203125
17 0.40390625 0.08125 0.034375 0.128125
4 0.44765625 0.08359375 0.0375 0.1203125
11 0.5328125 0.08125 0.0375 0.128125
18 0.66328125 0.07890625 0.0375 0.1234375
8 0.75 0.08203125 0.0328125 0.1234375
2 0.7890625 0.08359375 0.0359375 0.1203125
24 0.83046875 0.08984375 0.0375 0.134375
17 0.0953125 0.23515625 0.0375 0.134375
5 0.1828125 0.23359375 0.0328125 0.14375
11 0.22265625 0.2328125 0.0375 0.1296875
4 0.26875 0.23984375 0.0390625 0.134375
4 0.31328125 0.23828125 0.0375 0.1296875
19 0.3578125 0.2359375 0.0375 0.13125
19 0.5328125 0.2359375 0.0375 0.1203125
17 0.57734375 0.23359375 0.0359375 0.1171875
24 0.62421875 0.23359375 0.0390625 0.128125
8 0.6671875 0.23046875 0.034375 0.13125
0 0.8390625 0.23203125 0.034375 0.1171875
5 0.878125 0.2328125 0.0328125 0.11875
12 0.0421875 0.3953125 0.040625 0.1234375
7 0.175 0.390625 0.034375 0.1296875
4 0.22265625 0.39921875 0.0375 0.146875
19 0.3109375 0.3953125 0.0390625 0.134375
14 0.35625 0.39453125 0.0375 0.1375
14 0.40078125 0.38984375 0.0390625 0.134375
10 0.44609375 0.390625 0.0390625 0.1296875
12 0.53515625 0.3875 0.0375 0.128125
24 0.58046875 0.3921875 0.04375 0.1265625
12 0.71484375 0.38984375 0.0359375 0.134375
0 0.803125 0.3875 0.0359375 0.1234375
11 0.84609375 0.38984375 0.040625 0.134375
6 0.92578125 0.39296875 0.0359375 0.128125
12 0.078125 0.5578125 0.0421875 0.1421875
14 0.16796875 0.553125 0.040625 0.1375
24 0.2140625 0.55703125 0.04375 0.134375
4 0.39921875 0.55703125 0.0390625 0.1453125
13 0.490625 0.553125 0.0375 0.1328125
8 0.71875 0.55 0.0375 0.1328125
0 0.025 0.725 0.034375 0.1375
11 0.06640625 0.73125 0.040625 0.1375
11 0.1140625 0.7265625 0.0453125 0.146875
8 0.2109375 0.7296875 0.040625 0.1296875
2 0.25859375 0.72890625 0.0390625 0.134375
20 0.39609375 0.728125 0.0390625 0.14375
15 0.44375 0.7203125 0.0390625 0.140625
13 0.6296875 0.72265625 0.0390625 0.1328125
0 0.58515625 0.721875 0.0375 0.1375
8 0.81953125 0.73125 0.0421875 0.1375
19 0.10859375 0.90859375 0.04375 0.1375
17 0.203125 0.9140625 0.040625 0.1421875
4 0.2515625 0.91328125 0.040625 0.146875
12 0.296875 0.9078125 0.0453125 0.146875
4 0.34765625 0.9125 0.0390625 0.1453125
12 0.3953125 0.90625 0.0390625 0.14375
1 0.44296875 0.9046875 0.0453125 0.153125
13 0.58671875 0.90625 0.040625 0.1609375
14 0.6359375 0.9015625 0.04375 0.1515625