8 0.19140625 0.078125 0.03125 0.109375
15 0.23046875 0.08125 0.0359375 0.128125
18 0.271875 0.08125 0.0359375 0.128125
10 0.6078125 0.078125 0.0359375 0.1328125
8 0.69609375 0.078125 0.034375 0.1203125
5 0.73984375 0.0734375 0.0359375 0.1296875
14 0.871875 0.0828125 0.040625 0.140625
6 0.078125 0.2421875 0.03125 0.121875
14 0.115625 0.24296875 0.034375 0.1234375
21 0.2703125 0.2375 0.0328125 0.128125
8 0.31328125 0.240625 0.0375 0.1296875
18 0.35546875 0.23984375 0.0359375 0.1234375
8 0.39609375 0.240625 0.034375 0.125
19 0.43984375 0.240625 0.0328125 0.1359375
7 0.5234375 0.23828125 0.0375 0.1296875
10 0.83046875 0.23046875 0.0359375 0.1421875
8 0.9203125 0.24140625 0.034375 0.13125
11 0.07578125 0.39765625 0.0328125 0.1265625
21 0.1484375 0.39296875 0.0359375 0.1234375
17 0.3078125 0.39609375 0.0375 0.1296875
4 0.35234375 0.3921875 0.0328125 0.1375
1 0.39375 0.39453125 0.0390625 0.1375
4 0.43515625 0.39453125 0.0375 0.1328125
0 0.5234375 0.396875 0.0375 0.1359375
18 0.60703125 0.40234375 0.0421875 0.13125
7 0.69609375 0.40078125 0.0359375 0.134375
18 0.7875 0.40703125 0.0359375 0.134375
4 0.83203125 0.40703125 0.0359375 0.1296875
8 0.18359375 0.55234375 0.034375 0.1140625
22 0.26328125 0.56015625 0.0328125 0.1234375
14 0.30625 0.55703125 0.0328125 0.121875
13 0.34921875 0.55703125 0.03125 0.121875
3 0.39375 0.55703125 0.0328125 0.11875
8 0.52109375 0.55859375 0.034375 0.115625
5 0.56328125 0.5625 0.034375 0.1234375
24 0.653125 0.5703125 0.0375 0.1515625
6 0.74140625 0.57734375 0.0375 0.140625
4 0.78671875 0.57890625 0.0390625 0.1453125
19 0.83203125 0.5765625 0.0359375 0.1390625
0 0.925 0.571875 0.0359375 0.1484375
3 0.103125 0.7109375 0.0296875 0.115625
0 0.140625 0.71015625 0.0296875 0.1203125
8 0.1796875 0.71640625 0.0328125 0.1203125
11 0.21796875 0.71796875 0.0328125 0.121875
8 0.3046875 0.72890625 0.0375 0.128125
5 0.34765625 0.72109375 0.0375 0.1359375
24 0.43125 0.73203125 0.0375 0.128125
17 0.51953125 0.72265625 0.0390625 0.1390625
20 0.56328125 0.73125 0.0328125 0.1328125
13 0.60546875 0.73046875 0.0375 0.13125
14 0.69453125 0.73828125 0.0359375 0.13125
21 0.740625 0.7421875 0.04375 0.1453125
18 0.92421875 0.74296875 0.040625 0.140625
18 0.1734375 0.875 0.0390625 0.1375
20 0.2171875 0.8734375 0.0359375 0.1234375
4 0.3 0.8875 0.0359375 0.1296875
19 0.3421875 0.88359375 0.0359375 0.1328125
8 0.42890625 0.8859375 0.034375 0.13125
18 0.47421875 0.89453125 0.0390625 0.14375
13 0.51953125 0.89375 0.034375 0.1421875
19 0.60703125 0.90234375 0.04375 0.1421875
19 0.73828125 0.9 0.04375 0.14375
4 0.8328125 0.9140625 0.040625 0.1421875