7 0.2796875 0.059375 0.034375 0.11875
24 0.190625 0.05546875 0.034375 0.1109375
14 0.4140625 0.0625 0.0328125 0.121875
3 0.7671875 0.059375 0.0375 0.115625
11 0.2375 0.21875 0.0359375 0.125
18 0.36875 0.21875 0.0375 0.1328125
17 0.503125 0.22890625 0.0375 0.125
4 0.54375 0.22578125 0.0359375 0.1359375
12 0.5890625 0.22578125 0.0375 0.13125
3 0.6796875 0.22578125 0.03125 0.1171875
4 0.9 0.22578125 0.0375 0.125
4 0.7671875 0.3890625 0.0375 0.125
15 0.634375 0.3890625 0.0375 0.11875
15 0.4140625 0.3890625 0.0390625 0.125
19 0.0171875 0.54140625 0.034375 0.125
7 0.5875 0.55546875 0.0328125 0.1109375
18 0.675 0.55546875 0.0359375 0.125
18 0.7640625 0.72578125 0.0328125 0.121875
11 0.63125 0.721875 0.0328125 0.1171875
0 0.5875 0.721875 0.0359375 0.121875
13 0.2765625 0.715625 0.0375 0.128125
13 0.1015625 0.878125 0.0375 0.121875
14 0.2765625 0.88203125 0.0359375 0.125
2 0.809375 0.8921875 0.034375 0.125
4 0.853125 0.8921875 0.0359375 0.128125