15 0.33125 0.10078125 0.0375 0.1328125
24 0.4140625 0.096875 0.0359375 0.115625
3 0.2046875 0.25 0.040625 0.125
17 0.121875 0.25 0.0375 0.128125
0 0.45625 0.25703125 0.0375 0.121875
11 0.5 0.26015625 0.0359375 0.115625
1 0.5 0.09375 0.03125 0.121875
17 0.5875 0.096875 0.0375 0.121875
18 0.675 0.096875 0.0390625 0.125
19 0.54375 0.2640625 0.0359375 0.11875
18 0.628125 0.2640625 0.034375 0.11875
19 0.7609375 0.096875 0.0375 0.125
4 0.2859375 0.56953125 0.03125 0.1109375
12 0.45625 0.5765625 0.034375 0.1140625
4 0.4984375 0.5765625 0.03125 0.1140625
7 0.121875 0.71875 0.034375 0.121875
0 0.2015625 0.721875 0.0375 0.125
6 0.4546875 0.73984375 0.0328125 0.128125
21 0.540625 0.7359375 0.0375 0.125
14 0.66875 0.746875 0.0328125 0.121875
3 0.75625 0.75 0.034375 0.11875
18 0.8421875 0.75703125 0.0375 0.125
0 0.121875 0.875 0.034375 0.125
16 0.2015625 0.8890625 0.0390625 0.128125
20 0.240625 0.88515625 0.0375 0.125
19 0.325 0.89609375 0.0375 0.121875
0 0.496875 0.903125 0.0328125 0.115625
20 0.66875 0.909375 0.03125 0.121875
19 0.7125 0.90625 0.034375 0.115625