12 0.1984375 0.23984375 0.034375 0.128125
0 0.240625 0.23984375 0.034375 0.121875
13 0.28125 0.24296875 0.0375 0.11875
20 0.328125 0.246875 0.034375 0.125
4 0.3734375 0.253125 0.034375 0.121875
11 0.4140625 0.253125 0.034375 0.121875
14 0.5359375 0.2640625 0.03125 0.1109375
14 0.5765625 0.26015625 0.0296875 0.11875
10 0.6171875 0.2671875 0.03125 0.115625
1 0.3265625 0.39609375 0.034375 0.1171875
11 0.3671875 0.39921875 0.034375 0.125
0 0.4109375 0.403125 0.0328125 0.115625
13 0.4515625 0.403125 0.034375 0.125
2 0.49375 0.40625 0.034375 0.1078125
14 0.5375 0.40625 0.0359375 0.121875
13 0.321875 0.5484375 0.034375 0.11875
13 0.3640625 0.55234375 0.0359375 0.11875
22 0.5390625 0.559375 0.0359375 0.121875
17 0.6234375 0.559375 0.034375 0.1359375
18 0.6640625 0.559375 0.0359375 0.121875
1 0.271875 0.71171875 0.0359375 0.1171875
17 0.315625 0.715625 0.0359375 0.125
8 0.3625 0.71875 0.0390625 0.121875
2 0.40625 0.71875 0.0359375 0.121875
10 0.45 0.71875 0.0359375 0.121875
5 0.1296875 0.8890625 0.0390625 0.1359375
4 0.1734375 0.8921875 0.0390625 0.1359375
4 0.2203125 0.8890625 0.0390625 0.1390625
13 0.628125 0.8921875 0.0375 0.1390625
4 0.58125 0.721875 0.0359375 0.121875
14 0.58125 0.559375 0.0390625 0.121875
2 0.6546875 0.125 0.0296875 0.1109375
0 0.69375 0.125 0.0328125 0.1109375
15 0.7359375 0.125 0.0328125 0.1078125
19 0.778125 0.128125 0.0328125 0.115625
0 0.815625 0.125 0.0328125 0.115625
18 0.8953125 0.128125 0.03125 0.1109375
7 0.7828125 0.2671875 0.0359375 0.1078125
3 0.8625 0.27109375 0.0359375 0.11875
18 0.7046875 0.409375 0.03125 0.1109375
3 0.7453125 0.409375 0.0328125 0.1109375
19 0.8734375 0.41328125 0.0375 0.125
14 0.9140625 0.41640625 0.034375 0.121875
12 0.953125 0.41640625 0.0328125 0.115625
4 0.709375 0.5625 0.0359375 0.11875
0 0.834375 0.56953125 0.0296875 0.121875
13 0.878125 0.56953125 0.040625 0.1171875
19 0.9640625 0.565625 0.0375 0.1171875
5 0.7578125 0.72578125 0.0375 0.1171875
8 0.928125 0.72890625 0.0359375 0.11875
1 0.96875 0.72578125 0.0359375 0.121875
0 0.7609375 0.88515625 0.034375 0.11875
3 0.809375 0.8921875 0.0359375 0.11875
18 0.9375 0.8921875 0.0375 0.1328125