12 0.0484375 0.09375 0.0359375 0.1109375
8 0.0859375 0.09375 0.03125 0.11875
11 0.1234375 0.090625 0.03125 0.121875
4 0.165625 0.09375 0.034375 0.128125
22 0.2484375 0.0796875 0.0375 0.1109375
4 0.2890625 0.0796875 0.03125 0.121875
18 0.4140625 0.0765625 0.0359375 0.121875
22 0.5421875 0.065625 0.0359375 0.115625
4 0.584375 0.07265625 0.0359375 0.11875
14 0.7125 0.0625 0.0359375 0.115625
19 0.203125 0.2328125 0.0390625 0.128125
17 0.2453125 0.22578125 0.03125 0.121875
0 0.284375 0.2328125 0.028125 0.121875
12 0.3265625 0.22578125 0.0359375 0.115625
15 0.3640625 0.22578125 0.028125 0.1359375
8 0.5828125 0.21875 0.040625 0.1359375
5 0.628125 0.21875 0.0390625 0.1421875
19 0.7140625 0.215625 0.0421875 0.1390625
18 0.8046875 0.215625 0.040625 0.1421875
0 0.8859375 0.215625 0.0328125 0.11875
13 0.9265625 0.215625 0.0359375 0.125
24 0.965625 0.22578125 0.0375 0.121875
22 0.0640625 0.5453125 0.0375 0.121875
0 0.1046875 0.5484375 0.0328125 0.121875
13 0.146875 0.5453125 0.034375 0.128125
9 0.2328125 0.5484375 0.0375 0.1359375
20 0.2765625 0.5453125 0.0390625 0.1328125
12 0.321875 0.54140625 0.034375 0.128125
15 0.3640625 0.54140625 0.0390625 0.1359375
5 0.496875 0.53828125 0.0375 0.1421875
17 0.5875 0.53828125 0.0375 0.128125
5 0.6765625 0.534375 0.0375 0.146875
4 0.7203125 0.534375 0.0390625 0.146875
4 0.76875 0.53828125 0.0359375 0.1328125
19 0.8140625 0.53828125 0.0359375 0.1484375
2 0.2296875 0.71171875 0.0375 0.1484375
14 0.2734375 0.70859375 0.0390625 0.1421875
14 0.31875 0.715625 0.0375 0.1390625
10 0.3640625 0.71171875 0.04375 0.1453125
7 0.1359375 0.88203125 0.040625 0.15
4 0.178125 0.88203125 0.0375 0.146875
1 0.315625 0.88203125 0.0375 0.146875
11 0.40625 0.875 0.0375 0.1421875
3 0.453125 0.878125 0.040625 0.146875
1 0.640625 0.871875 0.040625 0.1421875
17 0.684375 0.871875 0.0390625 0.153125
0 0.7296875 0.875 0.0359375 0.1421875
18 0.7796875 0.875 0.046875 0.1703125
18 0.828125 0.878125 0.040625 0.1390625