23 0.10625 0.13515625 0.0328125 0.125
18 0.18125 0.13203125 0.034375 0.1109375
9 0.2984375 0.1390625 0.034375 0.115625
0 0.3390625 0.13515625 0.0359375 0.115625
2 0.378125 0.13515625 0.0359375 0.11875
14 0.415625 0.13203125 0.034375 0.1109375
1 0.45625 0.13203125 0.0359375 0.1109375
17 0.5765625 0.13203125 0.0328125 0.115625
14 0.615625 0.128125 0.0328125 0.1078125
8 0.496875 0.28125 0.0296875 0.1109375
13 0.3390625 0.28125 0.03125 0.1078125
19 0.259375 0.28125 0.034375 0.11875
18 0.2203125 0.28125 0.034375 0.1109375
13 0.18125 0.28125 0.0328125 0.1078125
7 0.14375 0.28125 0.0328125 0.1109375
14 0.10625 0.284375 0.0390625 0.1109375
9 0.071875 0.284375 0.0296875 0.1109375
11 0.0359375 0.43046875 0.0328125 0.115625
8 0.06875 0.43046875 0.0296875 0.1109375
21 0.1046875 0.43046875 0.0328125 0.1109375
12 0.259375 0.43046875 0.0296875 0.1078125
18 0.4171875 0.434375 0.03125 0.1109375
3 0.578125 0.43046875 0.0328125 0.1171875
0 0.7765625 0.434375 0.0296875 0.121875
0 0.259375 0.5765625 0.0296875 0.1078125
3 0.14375 0.5765625 0.0328125 0.1078125
8 0.06875 0.5765625 0.03125 0.1078125
2 0.2578125 0.72578125 0.0296875 0.1078125
7 0.378125 0.72890625 0.0296875 0.1078125
4 0.4171875 0.72578125 0.0296875 0.1078125
18 0.7375 0.72890625 0.034375 0.1140625
21 0.815625 0.72890625 0.0328125 0.1109375
8 0.8953125 0.7328125 0.0296875 0.1140625
2 0.93125 0.72890625 0.03125 0.11875
11 0.96875 0.875 0.03125 0.1078125
11 0.93125 0.875 0.0296875 0.1109375
13 0.8546875 0.878125 0.034375 0.1109375
14 0.815625 0.875 0.0328125 0.1078125
19 0.7375 0.878125 0.034375 0.115625
22 0.6578125 0.878125 0.034375 0.1078125
18 0.5765625 0.878125 0.0328125 0.1046875
13 0.496875 0.875 0.0328125 0.1046875
15 0.41875 0.878125 0.0328125 0.1046875
13 0.2984375 0.878125 0.03125 0.1046875
17 0.10625 0.871875 0.0328125 0.1109375
6 0.06875 0.86796875 0.03125 0.1109375
19 0.0359375 0.86796875 0.028125 0.1109375