21 0.115625 0.14921875 0.034375 0.121875
4 0.075 0.14609375 0.034375 0.125
8 0.25 0.14609375 0.0359375 0.121875
5 0.2953125 0.14921875 0.0359375 0.125
4 0.7859375 0.16640625 0.034375 0.11875
3 0.925 0.1703125 0.034375 0.125
4 0.471875 0.3296875 0.0328125 0.1171875
7 0.690625 0.33359375 0.034375 0.121875
4 0.828125 0.34375 0.0359375 0.128125
15 0.8734375 0.346875 0.0390625 0.125
19 0.9203125 0.35078125 0.0359375 0.121875
9 0.11875 0.4828125 0.0328125 0.125
2 0.20625 0.4828125 0.0328125 0.125
14 0.428125 0.49296875 0.03125 0.11875
3 0.471875 0.49296875 0.03125 0.115625
23 0.5578125 0.496875 0.03125 0.11875
18 0.734375 0.503125 0.0359375 0.115625
8 0.778125 0.50703125 0.0328125 0.1078125
8 0.9171875 0.5140625 0.034375 0.121875
18 0.078125 0.6421875 0.0328125 0.11875
10 0.1203125 0.6421875 0.0375 0.11875
8 0.1625 0.64609375 0.0328125 0.128125
15 0.2078125 0.64921875 0.034375 0.125
15 0.25 0.64921875 0.034375 0.121875
11 0.3171875 0.64921875 0.0359375 0.1109375
10 0.4703125 0.653125 0.028125 0.1109375
4 0.5125 0.653125 0.0328125 0.121875
18 0.55625 0.653125 0.0328125 0.1140625
7 0.865625 0.67734375 0.0359375 0.125
18 0.078125 0.80546875 0.0328125 0.115625
15 0.1203125 0.80546875 0.0328125 0.1109375
14 0.1625 0.809375 0.0328125 0.11875
10 0.2078125 0.80546875 0.0359375 0.121875
4 0.2515625 0.809375 0.0328125 0.125
0 0.340625 0.809375 0.0390625 0.121875
2 0.3828125 0.8125 0.0359375 0.121875
17 0.4265625 0.815625 0.034375 0.125
19 0.596875 0.815625 0.034375 0.1171875
0 0.640625 0.815625 0.034375 0.1171875
0 0.771875 0.83359375 0.0375 0.128125
5 0.8171875 0.83671875 0.0359375 0.1328125
18 0.90625 0.846875 0.040625 0.125
20 0.95 0.85078125 0.0359375 0.125