19 0.14296875 0.20546875 0.0375 0.1328125
17 0.18125 0.20859375 0.034375 0.1265625
0 0.22109375 0.203125 0.034375 0.1328125
12 0.26328125 0.20546875 0.0375 0.1203125
15 0.30625 0.21015625 0.0390625 0.1296875
18 0.38515625 0.36953125 0.0390625 0.1375
20 0.42890625 0.37734375 0.034375 0.1375
17 0.775 0.38828125 0.0359375 0.1296875
8 0.90546875 0.4 0.0328125 0.1375
0 0.94453125 0.40234375 0.03125 0.125
7 0.16796875 0.51796875 0.0359375 0.1359375
4 0.20859375 0.52265625 0.0359375 0.1375
0 0.29609375 0.521875 0.03125 0.125
11 0.3359375 0.525 0.0375 0.1328125
22 0.38359375 0.52578125 0.0375 0.128125
18 0.47109375 0.5328125 0.0375 0.125
3 0.51328125 0.534375 0.034375 0.128125
19 0.6 0.54375 0.0390625 0.1359375
15 0.9109375 0.55546875 0.0359375 0.1265625
20 0.95234375 0.55703125 0.040625 0.128125
5 0.11953125 0.6734375 0.0328125 0.1203125
4 0.16015625 0.67734375 0.034375 0.1234375
4 0.20234375 0.68125 0.034375 0.13125
11 0.24296875 0.6796875 0.0375 0.1359375
18 0.10859375 0.84375 0.0359375 0.13125
4 0.14921875 0.84140625 0.0328125 0.121875
6 0.42265625 0.6890625 0.0390625 0.1328125
3 0.46640625 0.68984375 0.0390625 0.134375
12 0.5984375 0.86953125 0.0359375 0.1390625
8 0.73828125 0.8796875 0.0359375 0.1328125
8 0.8171875 0.39296875 0.0375 0.121875
2 0.64296875 0.08515625 0.0359375 0.1109375
0 0.68203125 0.08125 0.0328125 0.1109375
15 0.7265625 0.0859375 0.040625 0.1140625
19 0.76875 0.09296875 0.0359375 0.1140625
0 0.8078125 0.09296875 0.034375 0.1171875
18 0.89296875 0.09921875 0.0328125 0.1078125
18 0.78203125 0.7140625 0.034375 0.115625
20 0.82421875 0.71796875 0.0328125 0.128125
19 0.87421875 0.8828125 0.034375 0.125