6 0.1234375 0.159375 0.03125 0.121875
17 0.2390625 0.15625 0.0359375 0.11875
0 0.321875 0.15625 0.0328125 0.125
2 0.3609375 0.153125 0.0328125 0.121875
17 0.4015625 0.14609375 0.0328125 0.11875
0 0.5609375 0.14609375 0.03125 0.11875
5 0.603125 0.1421875 0.034375 0.1109375
17 0.64375 0.1421875 0.03125 0.1140625
8 0.684375 0.14609375 0.0359375 0.11875
2 0.7234375 0.14609375 0.034375 0.125
0 0.7625 0.1390625 0.0296875 0.121875
4 0.065625 0.44453125 0.0328125 0.125
5 0.10625 0.440625 0.0375 0.121875
18 0.3140625 0.440625 0.0359375 0.1328125
0 0.3984375 0.434375 0.034375 0.1171875
13 0.4375 0.434375 0.03125 0.1171875
22 0.65 0.43046875 0.034375 0.128125
17 0.73125 0.434375 0.0328125 0.128125
7 0.015625 0.590625 0.028125 0.125
14 0.0515625 0.590625 0.034375 0.1171875
11 0.096875 0.590625 0.0390625 0.125
3 0.1375 0.59375 0.03125 0.11875
18 0.1796875 0.59375 0.0359375 0.11875
18 0.26875 0.590625 0.0328125 0.1109375
3 0.3515625 0.590625 0.034375 0.1171875
18 0.5234375 0.59375 0.03125 0.128125
3 0.5640625 0.59375 0.0359375 0.1328125
3 0.69375 0.590625 0.0328125 0.125
8 0.7359375 0.58671875 0.034375 0.125
18 0.78125 0.58671875 0.034375 0.128125
10 0.821875 0.58359375 0.0328125 0.128125
14 0.8625 0.58359375 0.0359375 0.121875
0 0.0484375 0.746875 0.034375 0.125
2 0.0890625 0.753125 0.034375 0.121875
10 0.13125 0.753125 0.034375 0.1140625
4 0.1734375 0.753125 0.0328125 0.121875
19 0.2171875 0.753125 0.0375 0.128125
0 0.3515625 0.75 0.0359375 0.121875
13 0.39375 0.746875 0.0375 0.125
4 0.5671875 0.746875 0.0359375 0.121875
3 0.8296875 0.74296875 0.0390625 0.125
14 0.915625 0.746875 0.0359375 0.1328125
19 0.0796875 0.9203125 0.0375 0.128125
14 0.1234375 0.9203125 0.0375 0.1359375
13 0.1671875 0.9203125 0.0359375 0.1328125
8 0.346875 0.91640625 0.0328125 0.125
6 0.4375 0.91640625 0.0375 0.1328125
20 0.48125 0.9203125 0.0375 0.1390625
4 0.525 0.91328125 0.0375 0.1359375
18 0.5703125 0.91640625 0.0359375 0.1359375
18 0.615625 0.91640625 0.0359375 0.1390625