14 0.18125 0.09375 0.034375 0.115625
11 0.265625 0.09375 0.03125 0.115625
24 0.3109375 0.090625 0.034375 0.121875
10 0.5046875 0.09375 0.0359375 0.115625
10 0.85 0.09375 0.034375 0.1109375
7 0.95625 0.096875 0.0328125 0.1109375
22 0.096875 0.253125 0.0328125 0.1171875
8 0.1375 0.253125 0.034375 0.121875
11 0.18125 0.253125 0.0359375 0.1171875
3 0.2234375 0.253125 0.0328125 0.1171875
19 0.571875 0.253125 0.0359375 0.115625
17 0.6578125 0.253125 0.034375 0.1171875
2 0.0953125 0.41328125 0.034375 0.1109375
17 0.1359375 0.41328125 0.034375 0.11875
0 0.178125 0.41328125 0.0328125 0.115625
5 0.221875 0.41640625 0.0328125 0.121875
19 0.265625 0.41640625 0.034375 0.115625
6 0.528125 0.4234375 0.034375 0.121875
19 0.6125 0.41640625 0.034375 0.11875
11 0.659375 0.41640625 0.0359375 0.11875
4 0.7015625 0.41640625 0.03125 0.11875
1 0.8328125 0.41640625 0.034375 0.11875
17 0.875 0.41640625 0.034375 0.11875
5 0.09375 0.5796875 0.03125 0.121875
20 0.134375 0.5796875 0.0328125 0.11875
17 0.1765625 0.5796875 0.03125 0.121875
6 0.309375 0.58359375 0.03125 0.11875
1 0.790625 0.5796875 0.0296875 0.1078125
17 0.8765625 0.58359375 0.0328125 0.1140625
4 0.91875 0.58359375 0.03125 0.1140625
20 0.09375 0.74296875 0.0328125 0.11875
15 0.134375 0.74296875 0.0328125 0.11875
0 0.21875 0.746875 0.03125 0.11875
17 0.3515625 0.74296875 0.034375 0.115625
21 0.5703125 0.74296875 0.0328125 0.11875
11 0.7890625 0.746875 0.03125 0.1109375
24 0.834375 0.746875 0.034375 0.115625
15 0.91875 0.74296875 0.0328125 0.1109375
7 0.0921875 0.90625 0.0328125 0.121875
21 0.1328125 0.90625 0.03125 0.121875
13 0.175 0.909375 0.034375 0.115625
6 0.21875 0.909375 0.0328125 0.11875
13 0.6578125 0.909375 0.0328125 0.11875
0 0.834375 0.909375 0.034375 0.11875