1 0.1046875 0.096875 0.0359375 0.1390625
11 0.14375 0.096875 0.040625 0.1390625
0 0.184375 0.10078125 0.040625 0.1390625
13 0.225 0.096875 0.040625 0.1328125
10 0.26875 0.096875 0.04375 0.125
4 0.3125 0.096875 0.04375 0.128125
19 0.3515625 0.1109375 0.034375 0.1078125
18 0.39375 0.1109375 0.0296875 0.1140625
13 0.5140625 0.13203125 0.0328125 0.1046875
22 0.6328125 0.1421875 0.0359375 0.128125
13 0.7109375 0.1390625 0.0359375 0.11875
4 0.746875 0.1421875 0.034375 0.125
3 0.86875 0.14609375 0.03125 0.115625
14 0.2671875 0.25703125 0.0375 0.121875
7 0.3078125 0.25703125 0.0390625 0.121875
8 0.434375 0.2640625 0.03125 0.1109375
5 0.471875 0.2671875 0.0390625 0.121875
23 0.553125 0.278125 0.0375 0.121875
8 0.6328125 0.28828125 0.034375 0.128125
18 0.66875 0.29140625 0.0375 0.11875
13 0.7078125 0.29140625 0.0359375 0.121875
19 0.7875 0.2953125 0.0359375 0.125
11 0.86875 0.2984375 0.0359375 0.1328125
11 0.909375 0.2984375 0.04375 0.128125
7 0.265625 0.409375 0.0390625 0.125
20 0.3046875 0.409375 0.0359375 0.125
8 0.55 0.42734375 0.0375 0.1109375
18 0.7078125 0.440625 0.0359375 0.11875
19 0.2578125 0.5625 0.0375 0.11875
4 0.346875 0.5625 0.0375 0.125
19 0.6265625 0.5765625 0.0375 0.1140625
24 0.7078125 0.58359375 0.0375 0.121875
18 0.7859375 0.58359375 0.0328125 0.1109375
15 0.8671875 0.590625 0.0328125 0.1109375
14 0.946875 0.59375 0.03125 0.1109375
7 0.25625 0.715625 0.0375 0.1421875
20 0.3 0.715625 0.04375 0.1390625
7 0.3421875 0.71875 0.0421875 0.1359375
19 0.5109375 0.721875 0.0375 0.1328125
17 0.5484375 0.71875 0.0375 0.125
4 0.5875 0.721875 0.0359375 0.125
1 0.6265625 0.721875 0.0390625 0.128125
8 0.984375 0.74296875 0.03125 0.121875
9 0.1234375 0.878125 0.0390625 0.1390625
14 0.1640625 0.875 0.0390625 0.1328125
7 0.209375 0.88203125 0.0359375 0.1359375
13 0.2546875 0.88203125 0.04375 0.1390625
18 0.3 0.878125 0.040625 0.1421875
14 0.3390625 0.88203125 0.0375 0.1390625
13 0.3859375 0.878125 0.04375 0.1421875
8 0.590625 0.88203125 0.0375 0.1390625
12 0.6671875 0.88203125 0.0390625 0.128125
19 0.865625 0.8890625 0.0375 0.11875