3 0.171875 0.0765625 0.03125 0.115625
8 0.215625 0.0765625 0.0328125 0.115625
18 0.25625 0.0765625 0.03125 0.115625
10 0.296875 0.0765625 0.0296875 0.115625
14 0.340625 0.0765625 0.03125 0.1109375
15 0.596875 0.0765625 0.03125 0.11875
24 0.94375 0.0796875 0.034375 0.121875
11 0.984375 0.24296875 0.0296875 0.125
24 0.3390625 0.23984375 0.0328125 0.121875
18 0.2125 0.2359375 0.03125 0.1109375
13 0.128125 0.2359375 0.0328125 0.1109375
0 0.084375 0.2328125 0.0296875 0.1140625
12 0.04375 0.2328125 0.0328125 0.1078125
19 0.2546875 0.39609375 0.0328125 0.1109375
11 0.509375 0.39609375 0.03125 0.115625
19 0.5953125 0.403125 0.0328125 0.1109375
17 0.728125 0.39921875 0.0328125 0.121875
19 0.771875 0.565625 0.0328125 0.125
15 0.6390625 0.5625 0.034375 0.115625
8 0.4671875 0.5625 0.03125 0.1109375
0 0.378125 0.55546875 0.03125 0.1109375
21 0.3375 0.559375 0.0328125 0.1140625
18 0.209375 0.55546875 0.034375 0.1171875
14 0.246875 0.71875 0.034375 0.121875
21 0.55 0.721875 0.0328125 0.121875
24 0.728125 0.72890625 0.0375 0.121875
13 0.859375 0.89609375 0.034375 0.125
2 0.5515625 0.8890625 0.034375 0.11875
5 0.465625 0.88203125 0.034375 0.115625
19 0.1625 0.878125 0.0359375 0.121875
14 0.11875 0.88203125 0.034375 0.125
6 0.0765625 0.88515625 0.0375 0.128125
0 0.2109375 0.39609375 0.0359375 0.121875