14 0.3625 0.0625 0.0328125 0.11875
4 0.496875 0.07265625 0.034375 0.121875
17 0.7625 0.08671875 0.0359375 0.125
17 0.0984375 0.221875 0.034375 0.1171875
4 0.140625 0.221875 0.0328125 0.121875
12 0.2296875 0.22578125 0.0359375 0.1171875
17 0.5390625 0.24296875 0.034375 0.121875
4 0.6734375 0.246875 0.034375 0.121875
6 0.803125 0.25703125 0.034375 0.125
0 0.9328125 0.26015625 0.0296875 0.1078125
11 0.9734375 0.2640625 0.034375 0.11875
12 0.0984375 0.38515625 0.034375 0.121875
0 0.2734375 0.39609375 0.0359375 0.125
8 0.31875 0.39921875 0.034375 0.1171875
8 0.6265625 0.409375 0.0359375 0.121875
11 0.7140625 0.41640625 0.0328125 0.11875
19 0.184375 0.559375 0.0359375 0.125
15 0.45 0.56953125 0.034375 0.1171875
11 0.628125 0.5765625 0.0390625 0.121875
20 0.8875 0.58671875 0.034375 0.121875
8 0.971875 0.590625 0.03125 0.1171875
23 0.2734375 0.72890625 0.0359375 0.128125
18 0.3609375 0.72890625 0.0390625 0.121875
19 0.5359375 0.7359375 0.0328125 0.1140625
13 0.6234375 0.73984375 0.034375 0.11875
18 0.8 0.75 0.034375 0.115625
3 0.84375 0.75 0.0328125 0.115625
7 0.9703125 0.753125 0.0328125 0.1171875
23 0.1421875 0.8890625 0.0359375 0.121875
19 0.4484375 0.89921875 0.0390625 0.11875
13 0.534375 0.903125 0.0328125 0.1109375