19 0.115625 0.0515625 0.0359375 0.103125
0 0.153125 0.04765625 0.028125 0.0953125
10 0.1890625 0.0484375 0.0328125 0.096875
20 0.40703125 0.04609375 0.0296875 0.0921875
15 0.4453125 0.0453125 0.03125 0.090625
8 0.48203125 0.04765625 0.03125 0.0953125
3 0.51875 0.046875 0.0296875 0.09375
0 0.2203125 0.16484375 0.028125 0.0953125
19 0.2578125 0.17109375 0.0328125 0.1078125
15 0.4078125 0.165625 0.0296875 0.1015625
11 0.446875 0.1625 0.03125 0.1
0 0.48125 0.171875 0.03125 0.103125
2 0.51875 0.16796875 0.03125 0.1125
4 0.55703125 0.1671875 0.03125 0.109375
22 0.63203125 0.15859375 0.0359375 0.1046875
4 0.67109375 0.15625 0.034375 0.1046875
22 0.746875 0.1484375 0.034375 0.1015625
19 0.82109375 0.14609375 0.034375 0.10625
2 0.9328125 0.1453125 0.0328125 0.1
17 0.96796875 0.146875 0.0328125 0.0984375
4 0.25390625 0.3 0.0359375 0.1140625
17 0.36796875 0.29609375 0.03125 0.1015625
4 0.40625 0.2984375 0.034375 0.1125
4 0.4453125 0.29921875 0.0328125 0.1078125
3 0.52109375 0.2921875 0.034375 0.115625
8 0.5578125 0.29140625 0.0328125 0.109375
19 0.7125 0.27578125 0.0328125 0.10625
15 0.78984375 0.278125 0.034375 0.109375
0 0.82734375 0.27734375 0.034375 0.1078125
18 0.90703125 0.27265625 0.03125 0.1046875
4 0.13046875 0.43671875 0.0328125 0.1109375
0 0.1109375 0.71328125 0.034375 0.1140625
12 0.19375 0.71953125 0.034375 0.13125
4 0.2359375 0.7171875 0.0375 0.121875
11 0.27734375 0.71875 0.040625 0.125
4 0.31796875 0.71328125 0.0390625 0.128125
1 0.10546875 0.875 0.0375 0.1265625
12 0.18515625 0.8734375 0.0328125 0.1234375
8 0.228125 0.8765625 0.0390625 0.1296875
11 0.27109375 0.88203125 0.0328125 0.1296875
4 0.31171875 0.8796875 0.0328125 0.1359375
18 0.35390625 0.8765625 0.0359375 0.125