13 0.065625 0.165625 0.034375 0.1125
18 0.184375 0.15859375 0.0328125 0.1109375
7 0.34375 0.15 0.0359375 0.109375
3 0.4265625 0.15 0.034375 0.1140625
0 0.86015625 0.16796875 0.0328125 0.1
6 0.9 0.1703125 0.0375 0.10625
15 0.01875 0.303125 0.0375 0.115625
14 0.059375 0.30546875 0.03125 0.121875
18 0.1 0.29765625 0.0359375 0.1109375
20 0.2609375 0.2953125 0.03125 0.1109375
18 0.30234375 0.2984375 0.0375 0.1234375
4 0.34375 0.29453125 0.034375 0.1140625
8 0.55234375 0.29765625 0.0328125 0.115625
2 0.58984375 0.29453125 0.03125 0.121875
10 0.6296875 0.29765625 0.0375 0.121875
13 0.83203125 0.29921875 0.0359375 0.1078125
21 0.04296875 0.6 0.034375 0.1328125
7 0.25234375 0.596875 0.0359375 0.125
3 0.33828125 0.596875 0.0375 0.125
13 0.6359375 0.59609375 0.0328125 0.11875
20 0.6765625 0.59296875 0.0375 0.1203125
4 0.7640625 0.59765625 0.034375 0.121875
19 0.80234375 0.5921875 0.0359375 0.1265625
1 0.034375 0.9171875 0.0359375 0.128125
4 0.07265625 0.921875 0.0328125 0.13125
1 0.29140625 0.92109375 0.034375 0.1296875
8 0.42421875 0.92109375 0.0359375 0.1296875
14 0.55625 0.92109375 0.0390625 0.140625
18 0.6 0.92109375 0.0359375 0.140625
4 0.64375 0.92109375 0.0375 0.1296875
2 0.73203125 0.9171875 0.040625 0.1328125
17 0.77578125 0.9171875 0.0390625 0.128125
14 0.81875 0.91953125 0.0375 0.13125
18 0.86015625 0.91484375 0.0375 0.1296875
18 0.9046875 0.91484375 0.0359375 0.1296875