17 0.1734375 0.31953125 0.0328125 0.1171875
4 0.2109375 0.32265625 0.0296875 0.115625
1 0.2484375 0.32265625 0.03125 0.125
4 0.2859375 0.32265625 0.0296875 0.128125
0 0.365625 0.31953125 0.03125 0.1109375
18 0.44375 0.31953125 0.0328125 0.115625
7 0.51875 0.31953125 0.0296875 0.115625
18 0.5921875 0.32265625 0.0328125 0.1078125
4 0.63125 0.32265625 0.034375 0.115625
8 0.2453125 0.45859375 0.03125 0.1078125
20 0.325 0.45859375 0.0359375 0.1109375
18 0.3640625 0.45859375 0.0328125 0.1109375
20 0.4046875 0.4546875 0.0359375 0.1171875
24 0.4796875 0.45859375 0.034375 0.115625
17 0.5578125 0.45859375 0.034375 0.1171875
8 0.596875 0.46171875 0.0328125 0.11875
3 0.634375 0.46171875 0.0328125 0.121875
4 0.671875 0.46171875 0.03125 0.11875
3 0.128125 0.6109375 0.0328125 0.11875
14 0.1640625 0.6109375 0.0296875 0.1109375
4 0.2015625 0.6078125 0.034375 0.11875
18 0.2421875 0.61484375 0.034375 0.1140625
13 0.2828125 0.6078125 0.0296875 0.121875
19 0.3625 0.60078125 0.0375 0.1328125
7 0.4421875 0.6078125 0.034375 0.125
0 0.5171875 0.60390625 0.0328125 0.125
1 0.5984375 0.6078125 0.034375 0.125
2 0.675 0.61484375 0.03125 0.125
10 0.7125 0.6078125 0.028125 0.11875
18 0.1234375 0.76015625 0.0328125 0.11875
20 0.159375 0.76015625 0.0265625 0.11875
15 0.2 0.76015625 0.0328125 0.11875
18 0.31875 0.753125 0.0328125 0.121875
2 0.359375 0.753125 0.0328125 0.1140625
24 0.440625 0.75 0.0359375 0.115625
10 0.678125 0.753125 0.034375 0.125
21 0.2359375 0.90625 0.03125 0.11875
8 0.275 0.90625 0.034375 0.121875
19 0.3171875 0.90625 0.0375 0.1328125
12 0.521875 0.903125 0.0359375 0.125
4 0.5609375 0.903125 0.034375 0.125
18 0.78125 0.3265625 0.03125 0.115625
16 0.8203125 0.33359375 0.034375 0.1171875
20 0.85625 0.3265625 0.03125 0.1078125
13 0.8171875 0.1875 0.034375 0.1078125
0 0.921875 0.19453125 0.0328125 0.115625
11 0.9296875 0.3296875 0.0328125 0.1171875
14 0.7859375 0.46171875 0.034375 0.115625
13 0.825 0.46875 0.034375 0.121875
12 0.896875 0.465625 0.03125 0.121875
24 0.9359375 0.471875 0.034375 0.121875
5 0.7921875 0.60390625 0.0359375 0.1140625
3 0.865625 0.6078125 0.0328125 0.1109375
8 0.75625 0.75703125 0.034375 0.125
5 0.7953125 0.75703125 0.034375 0.125
17 0.90625 0.753125 0.0359375 0.125
4 0.9453125 0.753125 0.03125 0.125
1 0.9828125 0.75 0.0328125 0.115625