22 0.1140625 0.090625 0.034375 0.115625
8 0.15625 0.090625 0.034375 0.115625
3 0.2421875 0.090625 0.0328125 0.115625
22 0.3296875 0.253125 0.0359375 0.115625
0 0.371875 0.253125 0.03125 0.115625
24 0.4140625 0.25703125 0.0375 0.1109375
8 0.54375 0.25703125 0.034375 0.1109375
18 0.628125 0.25703125 0.0328125 0.115625
18 0.715625 0.25703125 0.0328125 0.115625
4 0.759375 0.25703125 0.0328125 0.115625
23 0.846875 0.25703125 0.0359375 0.115625
4 0.1125 0.41328125 0.0375 0.121875
4 0.15625 0.41328125 0.0359375 0.115625
18 0.4140625 0.41640625 0.0328125 0.11875
8 0.2 0.5765625 0.0328125 0.11875
18 0.2859375 0.5796875 0.0328125 0.11875
2 0.371875 0.5765625 0.03125 0.1140625
17 0.4140625 0.5765625 0.0328125 0.1109375
18 0.5 0.5765625 0.0328125 0.1109375
14 0.7140625 0.5796875 0.034375 0.1078125
13 0.7578125 0.5796875 0.034375 0.1109375
13 0.8875 0.58359375 0.0328125 0.11875
4 0.971875 0.5796875 0.0328125 0.1109375
4 0.45625 0.7328125 0.0328125 0.1078125
0 0.584375 0.7328125 0.0328125 0.1015625
14 0.7578125 0.74296875 0.034375 0.11875
7 0.1140625 0.89609375 0.0328125 0.121875
21 0.2015625 0.89609375 0.0375 0.115625
4 0.2421875 0.89609375 0.0328125 0.11875
24 0.2859375 0.89609375 0.0359375 0.115625