7 0.096875 0.0625 0.034375 0.1109375
12 0.1390625 0.0625 0.0328125 0.1078125
0 0.3546875 0.059375 0.0359375 0.1078125
15 0.4375 0.0625 0.034375 0.1078125
4 0.521875 0.0625 0.0328125 0.1046875
2 0.5625 0.059375 0.03125 0.1078125
0 0.775 0.05546875 0.0375 0.1078125
18 0.940625 0.0625 0.03125 0.1109375
15 0.8578125 0.215625 0.03125 0.1078125
15 0.98125 0.215625 0.0296875 0.1078125
18 0.0953125 0.378125 0.0328125 0.11875
8 0.1828125 0.375 0.03125 0.1109375
0 0.4375 0.375 0.03125 0.1046875
7 0.6046875 0.375 0.03125 0.1078125
11 0.7765625 0.375 0.0359375 0.11875
3 0.859375 0.371875 0.0328125 0.1109375
3 0.9828125 0.36796875 0.03125 0.1109375
7 0.0953125 0.534375 0.0328125 0.1078125
22 0.3109375 0.534375 0.034375 0.115625
0 0.353125 0.53125 0.0328125 0.1109375
19 0.3953125 0.534375 0.03125 0.115625
1 0.5203125 0.534375 0.0328125 0.115625
13 0.646875 0.53125 0.03125 0.1109375
4 0.6875 0.534375 0.03125 0.1109375
6 0.81875 0.53125 0.03125 0.1078125
23 0.0953125 0.7015625 0.034375 0.11875
24 0.26875 0.85390625 0.0359375 0.115625
3 0.3546875 0.85390625 0.034375 0.121875
4 0.3953125 0.85390625 0.0328125 0.11875
2 0.4375 0.85390625 0.03125 0.11875
8 0.4796875 0.85078125 0.0328125 0.1171875
3 0.521875 0.85078125 0.034375 0.1140625
19 0.6484375 0.85078125 0.03125 0.1140625
18 0.8609375 0.85078125 0.03125 0.1109375
14 0.9453125 0.846875 0.0328125 0.1140625