6 0.17734375 0.05234375 0.034375 0.1046875
3 0.29453125 0.05078125 0.0328125 0.1015625
0 0.3328125 0.05078125 0.028125 0.1015625
8 0.490625 0.05546875 0.0328125 0.103125
8 0.5296875 0.05234375 0.0328125 0.1046875
5 0.6078125 0.0515625 0.034375 0.103125
19 0.05078125 0.30546875 0.0328125 0.121875
8 0.0890625 0.303125 0.034375 0.115625
11 0.128125 0.30546875 0.0328125 0.121875
11 0.16875 0.30078125 0.0390625 0.128125
0 0.25 0.30390625 0.0328125 0.1171875
5 0.28828125 0.3015625 0.034375 0.11875
18 0.371875 0.29765625 0.0328125 0.115625
20 0.4109375 0.30078125 0.0359375 0.1171875
15 0.45078125 0.29921875 0.034375 0.11875
15 0.49140625 0.29296875 0.034375 0.1234375
7 0.77734375 0.290625 0.0375 0.1296875
4 0.815625 0.29296875 0.034375 0.128125
11 0.0453125 0.44765625 0.040625 0.121875
1 0.246875 0.44375 0.0375 0.11875
20 0.2875 0.44921875 0.0328125 0.13125
14 0.32734375 0.4453125 0.0359375 0.1234375
24 0.3703125 0.44921875 0.0328125 0.13125
22 0.61796875 0.44453125 0.0359375 0.121875
4 0.65625 0.44375 0.0328125 0.11875
17 0.7375 0.44375 0.0359375 0.11875
4 0.78046875 0.4421875 0.0359375 0.1265625
13 0.03671875 0.59921875 0.0328125 0.1234375
2 0.07890625 0.60234375 0.03125 0.125
19 0.3265625 0.59921875 0.034375 0.11875
13 0.45078125 0.60234375 0.0328125 0.1203125
19 0.61640625 0.5953125 0.0359375 0.1171875
20 0.65859375 0.59453125 0.0359375 0.121875
17 0.70078125 0.5953125 0.0328125 0.121875
13 0.74375 0.5953125 0.034375 0.1171875
13 0.03359375 0.76328125 0.0359375 0.1359375
13 0.1125 0.75859375 0.03125 0.13125
0 0.1515625 0.75859375 0.0328125 0.1265625
19 0.19609375 0.76015625 0.0328125 0.13125
20 0.23984375 0.76015625 0.0359375 0.13125
17 0.27890625 0.75546875 0.0375 0.1265625
24 0.36328125 0.75859375 0.0375 0.1375
17 0.44921875 0.75546875 0.0390625 0.1265625
4 0.4921875 0.7515625 0.0359375 0.134375
15 0.5359375 0.7546875 0.0390625 0.1359375
19 0.6203125 0.7546875 0.0375 0.13125
2 0.19453125 0.921875 0.034375 0.1265625
17 0.27578125 0.91953125 0.0375 0.1375
8 0.321875 0.92109375 0.0359375 0.1359375
4 0.36328125 0.9234375 0.040625 0.134375
14 0.53671875 0.9234375 0.0375 0.1234375
22 0.62421875 0.921875 0.040625 0.13125
0 0.665625 0.91640625 0.034375 0.1375
13 0.70859375 0.9203125 0.0359375 0.121875
19 0.7515625 0.91328125 0.0359375 0.125