0 0.20703125 0.115625 0.0359375 0.1078125
3 0.27109375 0.11484375 0.034375 0.1171875
4 0.309375 0.11328125 0.0390625 0.1140625
2 0.35 0.11015625 0.0359375 0.1125
8 0.38828125 0.10859375 0.0328125 0.1109375
3 0.42890625 0.1109375 0.0359375 0.109375
18 0.590625 0.096875 0.0328125 0.109375
22 0.63359375 0.09375 0.034375 0.1140625
14 0.6734375 0.090625 0.0328125 0.1140625
14 0.71484375 0.0875 0.0375 0.10625
3 0.92265625 0.0765625 0.0375 0.1125
13 0.10078125 0.2671875 0.0296875 0.109375
19 0.26484375 0.25625 0.0359375 0.1171875
7 0.34765625 0.2578125 0.0328125 0.1359375
14 0.3859375 0.2515625 0.03125 0.1171875
19 0.42890625 0.24609375 0.034375 0.125
3 0.51171875 0.24765625 0.034375 0.121875
14 0.55078125 0.2390625 0.0328125 0.121875
6 0.59296875 0.2453125 0.0359375 0.128125
18 0.63515625 0.2375 0.0328125 0.1125
17 0.84765625 0.2296875 0.0359375 0.1171875
4 0.8875 0.22734375 0.0375 0.11875
5 0.0546875 0.40703125 0.034375 0.1234375
4 0.134375 0.4046875 0.0359375 0.11875
20 0.3 0.4 0.034375 0.121875
15 0.34140625 0.396875 0.0359375 0.1203125
20 0.42421875 0.39375 0.0359375 0.11875
13 0.46640625 0.39765625 0.034375 0.1265625
19 0.50859375 0.39453125 0.034375 0.1328125
8 0.55234375 0.390625 0.0359375 0.11875
11 0.59375 0.39375 0.0375 0.11875
3 0.80859375 0.3796875 0.034375 0.125
19 0.9390625 0.3734375 0.034375 0.1296875
13 0.21171875 0.5625 0.0359375 0.1234375
8 0.340625 0.56171875 0.034375 0.1328125
18 0.42421875 0.55390625 0.0359375 0.128125
0 0.465625 0.5546875 0.0375 0.1234375
22 0.509375 0.5515625 0.0375 0.1328125
19 0.59296875 0.540625 0.0359375 0.1359375
22 0.63828125 0.546875 0.0390625 0.13125
14 0.68359375 0.54453125 0.0390625 0.1265625
15 0.7703125 0.540625 0.0375 0.1359375
18 0.85859375 0.5390625 0.034375 0.1375
10 0.9015625 0.5375 0.040625 0.128125
8 0.946875 0.53515625 0.0359375 0.1296875
13 0.078125 0.72421875 0.0390625 0.140625
20 0.12109375 0.725 0.0359375 0.1375
4 0.20859375 0.72109375 0.0390625 0.1359375
19 0.253125 0.72421875 0.0390625 0.1359375
17 0.46796875 0.715625 0.0375 0.1359375
4 0.509375 0.71328125 0.0359375 0.146875
1 0.55390625 0.71640625 0.0359375 0.1421875
4 0.596875 0.71640625 0.0375 0.1421875
0 0.6890625 0.7171875 0.0359375 0.1375
8 0.8703125 0.70546875 0.040625 0.1484375
21 0.959375 0.7046875 0.040625 0.1640625
12 0.03203125 0.8875 0.0359375 0.125
24 0.07578125 0.8875 0.0328125 0.140625
14 0.203125 0.8875 0.0390625 0.1296875
11 0.2484375 0.88359375 0.0390625 0.14375
4 0.29375 0.88984375 0.0390625 0.134375
11 0.38125 0.88203125 0.0390625 0.1515625
8 0.4265625 0.88359375 0.034375 0.14375
5 0.46796875 0.8859375 0.040625 0.1421875
4 0.51328125 0.8859375 0.040625 0.1546875