0 0.071875 0.1390625 0.0390625 0.125
13 0.1109375 0.128125 0.0421875 0.128125
24 0.146875 0.13203125 0.0375 0.1390625
8 0.390625 0.121875 0.0375 0.128125
12 0.471875 0.1109375 0.0390625 0.128125
1 0.5578125 0.11484375 0.0421875 0.1453125
4 0.5984375 0.11484375 0.0375 0.15
8 0.9109375 0.08671875 0.0421875 0.1421875
12 0.8671875 0.4203125 0.04375 0.1390625
4 0.8234375 0.41328125 0.04375 0.153125
4 0.7765625 0.41328125 0.0453125 0.1390625
18 0.73125 0.41328125 0.040625 0.1390625
17 0.64375 0.41640625 0.04375 0.1390625
8 0.5984375 0.41640625 0.0375 0.125
0 0.559375 0.4203125 0.0453125 0.1390625
10 0.4796875 0.4234375 0.040625 0.1390625
2 0.4359375 0.4234375 0.0453125 0.1484375
8 0.3953125 0.43046875 0.0375 0.1390625
4 0.1546875 0.4375 0.0375 0.125
11 0.115625 0.4375 0.0390625 0.1359375
9 0.040625 0.440625 0.0421875 0.125
0 0.046875 0.5796875 0.0296875 0.125
20 0.0828125 0.58359375 0.04375 0.1359375
18 0.1203125 0.590625 0.0375 0.125
4 0.15625 0.58671875 0.0359375 0.125
18 0.196875 0.58359375 0.0421875 0.1359375
7 0.315625 0.58359375 0.0375 0.1359375
21 0.396875 0.5765625 0.0375 0.128125
4 0.4359375 0.5796875 0.0375 0.121875
24 0.475 0.58671875 0.040625 0.1328125
7 0.5578125 0.58359375 0.0390625 0.1359375
4 0.6 0.5796875 0.04375 0.1328125
3 0.6875 0.58359375 0.0375 0.125
22 0.73125 0.74296875 0.04375 0.125
4 0.690625 0.73984375 0.0375 0.1359375
13 0.64375 0.73984375 0.0421875 0.1359375
10 0.603125 0.74296875 0.0390625 0.1390625
4 0.51875 0.7359375 0.04375 0.125
7 0.4796875 0.7359375 0.0375 0.128125
17 0.2390625 0.72890625 0.0328125 0.11875
8 0.2015625 0.72890625 0.0375 0.125
18 0.1640625 0.7328125 0.0375 0.1328125
18 0.0875 0.7359375 0.0375 0.11875
19 0.053125 0.88203125 0.034375 0.125
12 0.1265625 0.88203125 0.0375 0.128125
13 0.203125 0.88203125 0.0375 0.128125
19 0.2390625 0.878125 0.0359375 0.121875
23 0.3984375 0.88515625 0.0375 0.1390625
2 0.4796875 0.8921875 0.0390625 0.146875
0 0.51875 0.89609375 0.0390625 0.1390625
12 0.5609375 0.89609375 0.04375 0.1421875
4 0.603125 0.89609375 0.0421875 0.1359375
7 0.728125 0.89609375 0.04375 0.1390625
12 0.775 0.89609375 0.0453125 0.1390625