19 0.0859375 0.27109375 0.034375 0.121875
17 0.1234375 0.2671875 0.034375 0.11875
0 0.1640625 0.2671875 0.034375 0.121875
13 0.20625 0.2671875 0.034375 0.125
18 0.2484375 0.2671875 0.0375 0.121875
2 0.290625 0.2671875 0.0375 0.121875
17 0.334375 0.2671875 0.0390625 0.125
8 0.378125 0.2671875 0.0375 0.125
1 0.4203125 0.27109375 0.034375 0.125
1 0.5953125 0.28125 0.0421875 0.128125
24 0.6390625 0.278125 0.0390625 0.128125
18 0.084375 0.43046875 0.0375 0.115625
24 0.1640625 0.43046875 0.0390625 0.121875
5 0.290625 0.42734375 0.0390625 0.121875
17 0.334375 0.43046875 0.0390625 0.125
8 0.3765625 0.434375 0.0375 0.128125
19 0.421875 0.434375 0.0390625 0.13125
25 0.4640625 0.434375 0.0390625 0.13125
1 0.20625 0.590625 0.034375 0.1140625
17 0.246875 0.59375 0.040625 0.11875
11 0.290625 0.59375 0.0421875 0.125
4 0.6765625 0.6078125 0.0359375 0.1359375
19 0.634375 0.60390625 0.040625 0.1390625
20 0.5921875 0.60390625 0.0359375 0.1421875
19 0.5484375 0.60390625 0.040625 0.128125
8 0.50625 0.60078125 0.0390625 0.128125
11 0.084375 0.74296875 0.0375 0.1109375
14 0.121875 0.746875 0.034375 0.1109375
18 0.1625 0.746875 0.040625 0.121875
0 0.2890625 0.75703125 0.0390625 0.125
6 0.3765625 0.7640625 0.0359375 0.128125
4 0.41875 0.7640625 0.0390625 0.1328125
11 0.4625 0.76015625 0.0421875 0.1328125
18 0.50625 0.76015625 0.0375 0.1390625
2 0.6765625 0.76015625 0.0390625 0.121875
0 0.7203125 0.75703125 0.0359375 0.1171875
11 0.7609375 0.76015625 0.0390625 0.11875
8 0.803125 0.7640625 0.0375 0.1078125
0 0.9640625 0.7640625 0.0328125 0.11875
8 0.925 0.7671875 0.034375 0.1140625