4 0.13125 0.09375 0.0265625 0.1078125
4 0.3265625 0.08671875 0.028125 0.1078125
17 0.528125 0.08359375 0.028125 0.1046875
24 0.978125 0.0796875 0.0296875 0.1078125
13 0.7765625 0.22890625 0.028125 0.1015625
22 0.6921875 0.2328125 0.028125 0.1078125
24 0.4453125 0.2359375 0.025 0.096875
0 0.3671875 0.23984375 0.0265625 0.1046875
3 0.121875 0.38515625 0.0296875 0.1046875
17 0.1640625 0.38515625 0.028125 0.1109375
4 0.6078125 0.38203125 0.03125 0.1046875
13 0.8625 0.38203125 0.028125 0.1015625
11 0.9875 0.53828125 0.025 0.1046875
0 0.946875 0.53828125 0.028125 0.1109375
15 0.8640625 0.53828125 0.0265625 0.1015625
20 0.821875 0.534375 0.0328125 0.1078125
19 0.7359375 0.53828125 0.0296875 0.1078125
0 0.690625 0.534375 0.025 0.1046875
4 0.6515625 0.534375 0.03125 0.1046875
3 0.56875 0.534375 0.0296875 0.1015625
4 0.4859375 0.534375 0.0296875 0.1046875
7 0.446875 0.534375 0.0296875 0.1046875
11 0.2828125 0.53828125 0.0265625 0.1078125
14 0.2453125 0.534375 0.03125 0.1078125
14 0.203125 0.53828125 0.03125 0.1078125
18 0.121875 0.53828125 0.0296875 0.1078125
3 0.5265625 0.69453125 0.0296875 0.1140625
21 0.8671875 0.69765625 0.034375 0.1140625
6 0.8703125 0.86484375 0.03125 0.1109375
19 0.9546875 0.8609375 0.03125 0.1109375
22 0.7421875 0.86484375 0.03125 0.115625
11 0.6546875 0.8609375 0.03125 0.1109375
18 0.4890625 0.8578125 0.0265625 0.1046875
19 0.40625 0.8578125 0.03125 0.1109375
0 0.365625 0.85390625 0.028125 0.115625
18 0.2828125 0.8578125 0.028125 0.1109375
3 0.2421875 0.85390625 0.0296875 0.115625
8 0.2015625 0.8578125 0.03125 0.1109375
10 0.1609375 0.8578125 0.0296875 0.115625