8 0.2484375 0.1953125 0.0359375 0.1203125
22 0.33828125 0.19296875 0.0375 0.1390625
19 0.428125 0.1953125 0.0375 0.134375
0 0.5234375 0.18828125 0.0375 0.125
13 0.565625 0.19375 0.0390625 0.1296875
14 0.609375 0.19765625 0.0359375 0.1265625
17 0.70234375 0.1953125 0.0390625 0.1234375
12 0.79296875 0.1953125 0.0328125 0.134375
8 0.8375 0.19375 0.0359375 0.1296875
11 0.88359375 0.1953125 0.0390625 0.134375
4 0.92421875 0.19765625 0.0359375 0.1375
22 0.11484375 0.3671875 0.0359375 0.128125
17 0.15625 0.36796875 0.03125 0.1234375
6 0.24375 0.359375 0.0390625 0.1328125
19 0.33515625 0.35703125 0.0375 0.1328125
20 0.38203125 0.3609375 0.040625 0.1421875
17 0.428125 0.3625 0.0375 0.134375
13 0.47421875 0.3625 0.0390625 0.140625
18 0.6140625 0.35859375 0.0375 0.1265625
3 0.9328125 0.36328125 0.0375 0.1359375
15 0.15078125 0.53359375 0.0375 0.1328125
0 0.1953125 0.5328125 0.0375 0.13125
3 0.471875 0.5265625 0.0390625 0.1390625
8 0.23671875 0.71015625 0.040625 0.1359375
8 0.56640625 0.7046875 0.0359375 0.1359375
6 0.759375 0.7140625 0.0421875 0.1484375
14 0.809375 0.71484375 0.0359375 0.1453125
4 0.0984375 0.88359375 0.0359375 0.1375
21 0.13671875 0.88359375 0.0390625 0.14375
18 0.2765625 0.88671875 0.0390625 0.1453125
0 0.32265625 0.8828125 0.0375 0.1421875
22 0.375 0.88984375 0.0421875 0.1453125
0 0.4734375 0.896875 0.0421875 0.165625
7 0.56875 0.8953125 0.04375 0.1609375
0 0.615625 0.8953125 0.0375 0.15
22 0.66640625 0.88828125 0.0421875 0.1640625
10 0.71328125 0.8890625 0.0484375 0.159375
9 0.809375 0.89375 0.0453125 0.16875
22 0.9078125 0.89453125 0.0390625 0.159375
0 0.95 0.89296875 0.0375 0.1515625