18 0.175 0.090625 0.028125 0.115625
15 0.215625 0.08671875 0.03125 0.115625
10 0.2984375 0.08671875 0.03125 0.115625
18 0.6875 0.08671875 0.0328125 0.1109375
23 0.05625 0.25 0.0328125 0.11875
2 0.215625 0.25 0.03125 0.1109375
0 0.25625 0.25 0.0296875 0.1109375
11 0.2984375 0.246875 0.03125 0.115625
11 0.340625 0.246875 0.0296875 0.1078125
0 0.4703125 0.24296875 0.0328125 0.1078125
3 0.6015625 0.25 0.03125 0.115625
8 0.6453125 0.25 0.03125 0.1109375
17 0.6875 0.25 0.03125 0.1109375
19 0.73125 0.25 0.0296875 0.1078125
24 0.971875 0.42734375 0.028125 0.1109375
0 0.934375 0.42734375 0.0234375 0.1109375
22 0.8984375 0.4234375 0.0296875 0.1109375
24 0.859375 0.4234375 0.03125 0.1171875
13 0.81875 0.41640625 0.0328125 0.1078125
0 0.7765625 0.41328125 0.03125 0.11875
23 0.690625 0.41328125 0.0375 0.115625
4 0.73125 0.57265625 0.03125 0.1078125
3 0.6875 0.5765625 0.028125 0.1109375
8 0.7765625 0.746875 0.0328125 0.121875
18 0.5109375 0.5765625 0.0265625 0.1109375
3 0.5140625 0.409375 0.0296875 0.121875
17 0.4265625 0.57265625 0.0296875 0.1140625
7 0.384375 0.4203125 0.0296875 0.1328125
8 0.5109375 0.7359375 0.03125 0.1078125
13 0.4671875 0.7359375 0.028125 0.1046875
18 0.2984375 0.409375 0.0296875 0.121875
4 0.25625 0.41328125 0.0296875 0.115625
19 0.175 0.409375 0.0234375 0.1109375
4 0.2125 0.7328125 0.028125 0.1140625
3 0.1703125 0.72890625 0.025 0.1078125
22 0.09375 0.409375 0.0265625 0.1109375
8 0.134375 0.40625 0.0296875 0.115625
20 0.2140625 0.57265625 0.03125 0.1109375
4 0.090625 0.88515625 0.0296875 0.11875
4 0.2953125 0.8921875 0.034375 0.1109375
17 0.509375 0.90625 0.0328125 0.11875
24 0.978125 0.90625 0.0296875 0.115625