6 0.1234375 0.16015625 0.03125 0.1234375
17 0.23984375 0.15546875 0.0359375 0.1203125
0 0.321875 0.15703125 0.0328125 0.125
2 0.3609375 0.153125 0.0328125 0.121875
17 0.4015625 0.146875 0.034375 0.1203125
0 0.56171875 0.14453125 0.03125 0.1203125
5 0.603125 0.14296875 0.0359375 0.1140625
17 0.64296875 0.1421875 0.0328125 0.1140625
8 0.68359375 0.14609375 0.0359375 0.1203125
2 0.72421875 0.14375 0.034375 0.125
0 0.76171875 0.13984375 0.03125 0.1234375
4 0.065625 0.44296875 0.034375 0.128125
5 0.10625 0.43984375 0.0390625 0.121875
18 0.31484375 0.43984375 0.0359375 0.134375
0 0.39765625 0.43359375 0.034375 0.121875
13 0.43828125 0.43359375 0.0328125 0.121875
22 0.65078125 0.4296875 0.0359375 0.1296875
17 0.73203125 0.4328125 0.034375 0.13125
7 0.01640625 0.5921875 0.0296875 0.1265625
14 0.05234375 0.59140625 0.0359375 0.1203125
11 0.09609375 0.58984375 0.0390625 0.128125
3 0.13828125 0.59375 0.0328125 0.11875
18 0.1796875 0.59375 0.0375 0.11875
18 0.26875 0.5890625 0.034375 0.1140625
3 0.3515625 0.5890625 0.0359375 0.121875
18 0.52421875 0.59375 0.03125 0.13125
3 0.56328125 0.59296875 0.0359375 0.1359375
3 0.69375 0.5921875 0.034375 0.1265625
8 0.73671875 0.58671875 0.034375 0.1265625
18 0.78203125 0.58828125 0.0359375 0.1296875
10 0.82265625 0.5828125 0.034375 0.1296875
14 0.8625 0.584375 0.0375 0.121875
0 0.04921875 0.74765625 0.0359375 0.1265625
2 0.0890625 0.75390625 0.0359375 0.121875
10 0.13046875 0.753125 0.0359375 0.115625
4 0.1734375 0.75390625 0.034375 0.121875
19 0.2171875 0.7546875 0.0390625 0.13125
0 0.35078125 0.74921875 0.0375 0.1234375
13 0.39296875 0.74765625 0.0375 0.1265625
4 0.56640625 0.74765625 0.0375 0.121875
3 0.82890625 0.74453125 0.040625 0.1265625
14 0.91484375 0.74609375 0.0375 0.134375
19 0.08046875 0.91953125 0.0375 0.13125
14 0.12265625 0.91875 0.0375 0.1359375
13 0.16640625 0.92109375 0.0375 0.1359375
8 0.34609375 0.9171875 0.034375 0.128125
6 0.43671875 0.9171875 0.0390625 0.1328125
20 0.48203125 0.92109375 0.0390625 0.140625
4 0.52421875 0.91328125 0.0390625 0.1359375
18 0.56953125 0.9171875 0.0359375 0.1390625
18 0.61640625 0.91484375 0.0359375 0.140625