0 0.11875 0.178125 0.0578125 0.134375
1 0.20625 0.178125 0.0515625 0.128125
2 0.290625 0.178125 0.0609375 0.13125
3 0.375 0.18125 0.0609375 0.13125
10 0.121875 0.4515625 0.0640625 0.1734375
11 0.2078125 0.4484375 0.0640625 0.1765625
12 0.2890625 0.4484375 0.06875 0.178125
13 0.3734375 0.4484375 0.059375 0.1703125
14 0.4515625 0.4515625 0.065625 0.178125
15 0.5375 0.4515625 0.059375 0.1640625
16 0.621875 0.4484375 0.059375 0.1671875
17 0.7046875 0.4453125 0.06875 0.1703125
18 0.7859375 0.4484375 0.06875 0.1765625
19 0.871875 0.45390625 0.065625 0.178125
20 0.290625 0.7078125 0.059375 0.178125
21 0.3734375 0.7078125 0.0671875 0.1765625
22 0.4546875 0.7046875 0.059375 0.16875
23 0.54375 0.7046875 0.0703125 0.178125
24 0.6234375 0.7078125 0.0640625 0.1671875
25 0.709375 0.69921875 0.06875 0.1765625
9 0.86875 0.16171875 0.0640625 0.1734375
8 0.784375 0.15078125 0.0625 0.1640625
7 0.7046875 0.1640625 0.065625 0.1703125
6 0.621875 0.15859375 0.0609375 0.1765625
5 0.5375 0.15625 0.065625 0.1625
4 0.45625 0.15859375 0.065625 0.1703125