0 0.11875 0.178125 0.059375 0.1359375
1 0.20703125 0.17890625 0.053125 0.1296875
2 0.29140625 0.17734375 0.0625 0.1328125
3 0.375 0.1796875 0.0625 0.1328125
10 0.12265625 0.45 0.065625 0.175
11 0.20703125 0.4484375 0.065625 0.178125
12 0.28984375 0.446875 0.0703125 0.1796875
13 0.3734375 0.4484375 0.059375 0.171875
14 0.4515625 0.44921875 0.0671875 0.1796875
15 0.5375 0.44921875 0.0609375 0.1671875
16 0.62109375 0.446875 0.0609375 0.1671875
17 0.70546875 0.4453125 0.0703125 0.1703125
18 0.78671875 0.4484375 0.06875 0.178125
19 0.87265625 0.4515625 0.0671875 0.178125
20 0.290625 0.7046875 0.0609375 0.18125
21 0.37421875 0.70546875 0.06875 0.175
22 0.45390625 0.703125 0.0609375 0.171875
23 0.54453125 0.70390625 0.071875 0.178125
24 0.62265625 0.7046875 0.065625 0.16875
25 0.70859375 0.69921875 0.0703125 0.175
9 0.86875 0.16015625 0.0640625 0.1734375
8 0.784375 0.1515625 0.0625 0.165625
7 0.7046875 0.16484375 0.0671875 0.1703125
6 0.621875 0.15859375 0.0625 0.175
5 0.5375 0.15546875 0.065625 0.1640625
4 0.45546875 0.15859375 0.0671875 0.1703125