0 0.0390625 0.1953125 0.0484375 0.1125
1 0.1328125 0.1890625 0.0421875 0.109375
2 0.225 0.1921875 0.05625 0.125
3 0.31875 0.1890625 0.0484375 0.11875
4 0.4125 0.18671875 0.0484375 0.1125
5 0.50625 0.1890625 0.0421875 0.1125
6 0.5984375 0.18671875 0.0359375 0.1015625
7 0.690625 0.1890625 0.0421875 0.1046875
8 0.784375 0.18671875 0.0375 0.1015625
9 0.8765625 0.18671875 0.05 0.11875
10 0.971875 0.18671875 0.0421875 0.128125
11 0.0390625 0.559375 0.0421875 0.121875
12 0.1328125 0.559375 0.04375 0.1171875
13 0.225 0.559375 0.04375 0.128125
14 0.31875 0.553125 0.046875 0.121875
15 0.415625 0.559375 0.05 0.1171875
16 0.50625 0.55625 0.040625 0.1125
17 0.5984375 0.553125 0.0375 0.125
18 0.690625 0.553125 0.040625 0.115625
20 0.8765625 0.55625 0.034375 0.1125
21 0.96875 0.55 0.0609375 0.121875
22 0.3671875 0.92578125 0.046875 0.121875
23 0.459375 0.9203125 0.034375 0.128125
24 0.5515625 0.9234375 0.0453125 0.115625
25 0.6453125 0.9234375 0.0375 0.115625