0 0.065625 0.34609375 0.05 0.2421875
1 0.1390625 0.34609375 0.046875 0.2375
2 0.2109375 0.34609375 0.0484375 0.2375
3 0.2828125 0.34609375 0.05 0.2328125
4 0.3546875 0.34140625 0.0453125 0.2359375
5 0.425 0.34140625 0.046875 0.2328125
6 0.4984375 0.34140625 0.0484375 0.2328125
7 0.56875 0.34140625 0.05 0.2328125
8 0.6421875 0.33671875 0.05 0.2375
9 0.7140625 0.33671875 0.05 0.2234375
10 0.7890625 0.34140625 0.0515625 0.2359375
11 0.8609375 0.34609375 0.05 0.2421875
12 0.9296875 0.34140625 0.053125 0.240625
13 0.065625 0.77734375 0.0515625 0.2375
14 0.1375 0.77265625 0.05 0.2375
15 0.209375 0.77265625 0.0484375 0.2265625
16 0.28125 0.77734375 0.0484375 0.2328125
17 0.3546875 0.77734375 0.0484375 0.2234375
18 0.4265625 0.76796875 0.046875 0.228125
19 0.4984375 0.77265625 0.0484375 0.2265625
20 0.5703125 0.77265625 0.053125 0.2265625
21 0.6421875 0.77265625 0.0484375 0.23125
22 0.715625 0.77265625 0.053125 0.2375
23 0.7875 0.77265625 0.05 0.2265625
24 0.8578125 0.76796875 0.0515625 0.228125
25 0.93125 0.77265625 0.05 0.2421875