0 0.0921875 0.35859375 0.08125 0.11875
1 0.196875 0.36015625 0.0796875 0.1140625
2 0.3 0.36015625 0.0796875 0.115625
3 0.403125 0.36015625 0.08125 0.1171875
4 0.5046875 0.36015625 0.0765625 0.1171875
5 0.6015625 0.36015625 0.0796875 0.1171875
6 0.703125 0.36015625 0.0828125 0.1234375
7 0.803125 0.36328125 0.078125 0.1234375
8 0.9078125 0.36484375 0.0765625 0.1234375
9 0.0984375 0.615625 0.084375 0.1328125
10 0.1953125 0.6203125 0.0796875 0.1296875
11 0.2984375 0.621875 0.0828125 0.1296875
12 0.4 0.6203125 0.08125 0.1296875
13 0.5015625 0.621875 0.075 0.1296875
14 0.6015625 0.621875 0.078125 0.128125
15 0.7 0.6203125 0.0796875 0.128125
16 0.8046875 0.6171875 0.0765625 0.1203125
17 0.90625 0.615625 0.0765625 0.11875
18 0.0953125 0.87109375 0.0796875 0.1203125
19 0.1984375 0.86953125 0.075 0.1234375
20 0.296875 0.87421875 0.0796875 0.1265625
21 0.3984375 0.87109375 0.0765625 0.1203125
23 0.5 0.87109375 0.078125 0.121875
24 0.6015625 0.87109375 0.075 0.1171875
25 0.7 0.87265625 0.0796875 0.1203125
22 0.9078125 0.87109375 0.08125 0.121875